#	gene	chrom	strand	hg19_exon_start	hg19_exon_end	hg18_exon_start	hg18_exon_end	hg18_rec_region_start	hg18_rec_region_end	avg_rec_rate	divergence
1	FNDC10	chr1	-	1533388	1535476	1598008	1600096	1575724	1709986	1.741705556	0.000957396
2	SPSB1	chr1	+	9427507	9429591	9367448	9369532	9364650	9377753	1.423344154	0.001918465
3	CTNNBIP1	chr1	-	9908334	9910834	9848276	9850776	9844093	9856859	3.224856297	0.00159936
4	FBLIM1	chr1	+	16111043	16113084	15784548	15786589	15780028	15787962	2.878658023	0.001469148
5	KLHDC7A	chr1	+	18807424	18812493	18480930	18485999	18451854	18551293	2.255935463	0.003747535
6	FAM43B	chr1	+	20878932	20881513	20552439	20555020	20545343	20562698	2.202489064	0.001549187
7	HTR1D	chr1	-	23518388	23521222	23191895	23194729	23191912	23194719	0.89261819	0.002116402
8	PATJ	chr1	+	62626580	62629592	62160908	62163920	62160359	62169602	2.126461502	0.000995685
9	ANKRD13C	chr1	-	70724685	70728530	70259002	70262847	70250872	70272567	4.308309089	0.000520021
10	NEGR1	chr1	-	71868625	71873253	71402942	71407570	71401559	71409445	1.728477446	0.001944264
11	PTGFR	chr1	+	79002091	79006386	78536406	78540701	78536013	78542415	4.691736925	0.003026071
12	TGFBR3	chr1	-	92145900	92149414	91680343	91683857	91678954	91702146	5.890760248	0.00056899
13	EVI5	chr1	-	92974253	92979527	92508696	92513970	92503777	92515359	1.477188719	0.000568828
14	PLPPR5	chr1	-	99355801	99358660	98890245	98893104	98888935	98893540	1.908158296	0.001048951
15	CDC14A	chr1	+	100983807	100985833	100518251	100520277	100501607	100524621	1.575624531	0.00098668
16	PRMT6	chr1	+	107599267	107601916	107056645	107059294	107054152	107059726	0.501917799	0.001510004
17	NTNG1	chr1	+	108023233	108027521	107480611	107484899	107480739	107484899	1.233603696	0.000233155
18	MAN1A2	chr1	+	118065447	118068320	117522825	117525698	117523037	117525418	1.245883864	0.001391788
19	TBX15	chr1	-	119425666	119428139	118883043	118885516	118879490	118895349	3.094724832	0.000404204
20	GOLPH3L	chr1	-	150618701	150621224	150646225	150648748	150646335	150648657	1.3912437	0.000396197
21	CTSS	chr1	-	150702672	150705621	150730196	150733145	150725234	150735346	1.702964275	0.001016949
22	KPRP	chr1	+	152732037	152734529	152759561	152762053	152758952	152767757	1.643533531	0.001604493
23	ASH1L	chr1	-	155447677	155452240	155477886	155482449	155477924	155482442	2.525201122	0.000438212
24	MPZL1	chr1	+	167757057	167761156	167787820	167791919	167787851	167791862	1.727129759	0.000243902
25	DNM3	chr1	+	172376912	172381857	172407772	172412717	172407860	172412258	3.016054308	0.001213101
26	TNFSF4	chr1	-	173152870	173156004	173183731	173186865	173183827	173186727	1.142885485	0.000318979
27	KIAA0040	chr1	-	175126123	175130282	175156987	175161146	175157087	175161108	7.962897792	0.000240385
28	IER5	chr1	+	181057638	181059979	181088502	181090843	181088736	181090624	1.251902932	0.001708672
29	LRRN2	chr1	-	204586301	204589346	204617173	204620218	204617463	204619973	1.3165534	0.001313198
30	KCNK2	chr1	+	215408171	215410436	215234828	215237093	215235436	215236057	3.659593333	0
31	ESRRG	chr1	-	216676588	216680525	216503246	216507183	216504008	216506575	1.540454	0.001015744
32	TLR5	chr1	-	223282748	223286377	223109406	223113035	223042561	223159936	1.43395	0.000826446
33	CCDC185	chr1	+	223566715	223568812	223393373	223395470	223393674	223394461	1.71187525	0.000953289
34	MAP10	chr1	+	232940638	232946092	232804892	232810346	232805116	232810134	0.511693375	0.001099908
35	GNG4	chr1	-	235710985	235715537	235547685	235552237	235547849	235552223	2.427366182	0.002415989
36	GREM2	chr1	-	240652873	240656776	240489573	240493476	240489647	240492044	3.571878333	0.001536885
37	CNST	chr1	+	246829002	246831884	246665700	246668582	246666314	246668054	3.449574	0.002774887
38	TRIM58	chr1	+	248039202	248043440	247875900	247880138	247875992	247880043	2.50450375	0.001179523
39	RSAD2	chr2	+	7035909	7038363	6895778	6898232	6870151	7068829	6.499692334	0.002443992
40	KCNF1	chr2	+	11052063	11054351	10911937	10914225	10910138	10915803	4.080177828	0
41	KCNS3	chr2	+	18112217	18114225	17930950	17932958	17874564	18041810	1.582081549	0.00149328
42	RHOB	chr2	+	20646832	20649206	20447071	20449445	20427072	20648383	1.695630928	0.002105263
43	ASXL2	chr2	-	25962253	25967345	25739384	25744476	25739400	25744385	4.441081307	0.002159827
44	KIF3C	chr2	-	26203242	26205443	25980373	25982574	25976763	25984556	2.063602461	0.000454133
45	PPP1CB	chr2	+	29022065	29025806	28799199	28802940	28796865	28807532	4.219737308	0.000534474
46	C2orf71	chr2	-	29284556	29287933	29061690	29065067	29061246	29067111	3.919322639	0.001184133
47	LBH	chr2	+	30480299	30482899	30257433	30260033	30150376	30382970	1.014490808	0.000768935
48	LCLAT1	chr2	+	30862983	30867091	30640117	30644225	30382970	30693895	1.189180752	0.001216841
49	SPAST	chr2	+	32379443	32382706	32154374	32157637	31871372	32168946	3.463196732	0.000919118
50	CDC42EP3	chr2	-	37869025	37873965	37641882	37646822	37535263	37723992	1.305565675	0.001214329
51	PRKCE	chr2	+	46411874	46415129	46184735	46187990	46039192	46241875	1.768999255	0.001535627
52	APLF	chr2	+	68804952	68807294	68577820	68580162	68513521	70448194	2.121244304	0.00128041
53	ANTXR1	chr2	+	69472357	69476459	69245225	69249327	68513521	70448194	4.205595751	0.001706069
54	SFXN5	chr2	-	73169165	73172228	72942036	72945099	72940610	72952543	4.986583925	0.001631854
55	TET3	chr2	+	74273405	74275538	74046278	74048411	74030728	74053180	1.185915933	0.000937207
56	RNF103	chr2	-	86830516	86832541	86603393	86605418	86599299	86609001	2.272080605	0.000493583
57	SH3RF3	chr2	+	110259080	110262213	109501503	109504636	109501516	109504533	0.802091209	0.000957243
58	CCDC93	chr2	-	118673054	118677972	117915478	117920396	117914974	117921136	3.400628701	0.001016467
59	NXPH2	chr2	-	139426727	139429235	138669157	138671665	138667906	138673803	3.903293453	0.001195695
60	KCNJ3	chr2	+	155711239	155714864	154854727	154858352	154854845	154858275	0.672185733	0.000827358
61	SDPR	chr2	-	192699031	192701443	191834305	191836717	191826555	191836754	1.552774	0.001243266
62	SATB2	chr2	-	200134223	200137395	199269500	199272672	199270452	199271859	9.2915925	0.000630318
63	PARD3B	chr2	+	206480180	206484886	205615456	205620162	205616203	205619928	1.394876667	0.001912452
64	IRS1	chr2	-	227596033	227600966	226731317	226736250	226731519	226735700	0.844806706	0.002229428
65	SH3BP4	chr2	+	235949532	235951891	235040888	235043247	235041233	235041640	6.0849075	0.000423729
66	LRRN1	chr3	+	3886048	3891518	3844364	3849834	3844386	3849809	2.114814722	0.000731128
67	RAD18	chr3	-	8918880	8923143	8877196	8881459	8877220	8881433	3.460191694	0.003518649
68	HRH1	chr3	+	11300689	11304939	11259003	11263253	11180682	11271802	4.812095233	0.002822865
69	FGD5	chr3	+	14860469	14863103	14818962	14821596	14719227	14888989	4.0945598	0.000379507
70	NR1D2	chr3	+	24018714	24022109	23977223	23980618	23973852	23980748	2.432502236	0.000294464
71	CX3CR1	chr3	-	39304985	39308009	39263494	39266518	39261610	39266696	1.738439541	0.001322314
72	POMGNT2	chr3	-	43120721	43123028	43079229	43081536	43071443	43084044	0.899939873	0.000866551
73	TCAIM	chr3	+	44448934	44450940	44407442	44409448	44323998	44745821	6.150004772	0
74	ZNF660	chr3	+	44635506	44637557	44594014	44596065	44323998	44745821	5.785608427	0.000974659
75	ZNF35	chr3	+	44700193	44702283	44658701	44660791	44323998	44745821	3.415477192	0.00143472
76	ZPLD1	chr3	+	102196287	102198685	102477443	102479841	102395065	102494292	2.093473435	0.002085071
77	CBLB	chr3	-	105374305	105378073	105655461	105659229	105655562	105659159	1.933441466	0.001326612
78	CCDC14	chr3	-	123632269	123634565	123913422	123915718	123913025	123918103	1.82971162	0.000870701
79	PRR23C	chr3	-	138760944	138763734	139042102	139044892	139042161	139044812	1.134001996	0.000716589
80	WWTR1	chr3	-	149235022	149238776	149517235	149520989	149515968	149527506	4.110029995	0.001065246
81	COMMD2	chr3	-	149456257	149459505	149738470	149741718	149738572	149741682	2.43538643	0.000615574
82	MME	chr3	+	154898149	154901518	155180360	155183729	155180448	155183610	4.294447533	0.002077151
83	C3orf80	chr3	+	159943423	159946000	160225636	160228213	160224658	160230164	4.028274	0.000775795
84	FNDC3B	chr3	+	172114954	172118493	172397164	172400703	172397239	172400683	2.472006862	0.000282486
85	C3orf70	chr3	-	184795838	184801351	185078050	185083563	185078713	185083277	1.881728992	0.003264418
86	FGF12	chr3	-	191857182	191861916	192139393	192144127	192139569	192143732	1.34496075	0.001055966
87	MB21D2	chr3	-	192514604	192517439	192796815	192799650	192796961	192798837	3.872277933	0.002820874
88	FBXO45	chr3	+	196311004	196315930	196584133	196589059	196584228	196588983	3.753325669	0.00060889
89	NRROS	chr3	+	196386623	196388875	196659752	196662004	196657994	196663703	3.077573522	0.006216696
90	WFS1	chr4	+	6302384	6304992	6300657	6303265	6299555	6305528	2.81553757	0.002299732
91	PPP2R2C	chr4	-	6322305	6325320	6320578	6323593	6318792	6325662	3.307839663	0.001657825
92	PSAPL1	chr4	-	7432021	7436700	7430294	7434973	7428333	7435010	4.150487159	0.002564103
93	DRD5	chr4	+	9783258	9785633	9781634	9784009	9781086	9784497	1.81210657	0
94	PCDH7	chr4	+	31144095	31148423	31142473	31146801	31142573	31146759	1.002303685	0.000693001
95	TLR6	chr4	-	38825325	38831158	38823704	38829537	38814262	39002519	1.608769325	0.003600206
96	GABRG1	chr4	-	46037786	46043271	46035769	46041254	46031563	46046651	5.662416447	0.002005469
97	SPATA18	chr4	+	52961046	52963471	52094880	52097305	52093003	52099205	4.174137809	0.001236603
98	CEP135	chr4	+	56897526	56899529	56031360	56033363	56020586	56037352	4.293314982	0.000499002
99	GNRHR	chr4	-	68619532	68621804	67753814	67756086	67748053	67758655	4.093506135	0.000440141
100	MUC7	chr4	+	71346516	71348714	70480799	70482997	70479318	70494473	5.260601992	0.001364256
101	UTP3	chr4	+	71554196	71556268	70688479	70690551	70684913	70705937	3.748493281	0.000964785
102	PARM1	chr4	+	75971373	75975325	75046163	75050115	75046164	75050108	1.719797743	0.000758917
103	RCHY1	chr4	-	76404247	76407876	75479037	75482666	75477921	75483859	2.841847867	0.001928375
104	SHROOM3	chr4	+	77659914	77663079	76738761	76741926	76735618	76744724	5.233503419	0.000947568
105	SOWAHB	chr4	-	77816082	77819002	76894929	76897849	76884682	76901326	1.672020743	0.000684697
106	TIGD2	chr4	+	90033968	90036052	89112817	89114901	89109387	89119046	0.989345407	0.000479616
107	GPRIN3	chr4	-	90165429	90171384	89244278	89250233	89244433	89250155	2.988535484	0.001175285
108	CCSER1	chr4	+	92519723	92523370	91598572	91602219	91596204	91603349	0.800091601	0.001644737
109	CXXC4	chr4	-	105389463	105393523	104468306	104472366	104468329	104472339	2.887422571	0.000984979
110	ANK2	chr4	+	114302613	114304896	113381457	113383740	113374478	113387793	1.779647862	0.000875657
111	ARSJ	chr4	-	114821440	114824831	113900284	113903675	113900119	113909647	1.781531025	0
112	TRAM1L1	chr4	-	118004710	118006736	117083554	117085580	117083592	117085416	7.807780757	0.00049334
113	FAT4	chr4	+	126237567	126242741	125316412	125321586	125315904	125324743	0.816473781	0.00057971
114	PCDH10	chr4	+	134111296	134115765	133190141	133194610	133190043	133199041	1.10729261	0.000447427
115	RNF150	chr4	-	141786725	141789533	140865571	140868379	140858624	140874419	1.833968375	0.001067996
116	DCHS2	chr4	-	155410456	155412877	154489304	154491725	154483718	154491736	0.734580056	0
117	FSTL5	chr4	-	162305044	162307601	161383892	161386449	161384008	161386449	0.676777974	0.002345582
118	TKTL2	chr4	-	164392247	164395047	163471095	163473895	163471154	163473374	1.31856043	0.001785077
119	MFAP3L	chr4	-	170907748	170913460	169986597	169992309	169986776	169992171	4.236339333	0.001225276
120	GLRA3	chr4	-	175563162	175565215	174642011	174644064	174638411	174645835	1.2867	0.000486855
121	ADAM29	chr4	+	175896497	175899331	174975346	174978180	174973706	174984391	0.813709	0.003174603
122	ENPP6	chr4	-	185009859	185012535	184088706	184091382	184085763	184093277	2.87319705	0
123	UBE2QL1	chr5	+	6491331	6496834	6491218	6496721	6491234	6496721	2.441458602	0.001635174
124	ADAMTS12	chr5	-	33523640	33527471	33523535	33527366	33500803	33664663	2.706379739	0.000521921
125	RXFP3	chr5	+	33936491	33939023	33936386	33938918	33933158	33941348	8.541714578	0.001184366
126	TMEM267	chr5	-	43444354	43446659	43444252	43446557	43426588	43448719	4.155859992	0
127	SNX18	chr5	+	53839009	53842416	54543179	54546586	54539205	54551643	3.847411068	0.002053991
128	HTR1A	chr5	-	63255875	63258119	63960048	63962292	63953953	63963618	1.002105725	0.001336303
129	RNF180	chr5	+	63665442	63668696	64369615	64372869	64369375	64377205	1.525282717	0.00030722
130	ADAMTS6	chr5	-	64444563	64447772	65148736	65151945	65143740	65155612	2.930570841	0.000623053
131	GCNT4	chr5	-	74323289	74326724	75027464	75030899	75009457	75063094	5.02289596	0.000291036
132	HOMER1	chr5	-	78669647	78672020	79373824	79376197	79370265	79381442	3.867483231	0.00042123
133	TMEM167A	chr5	-	82348665	82352973	83052846	83057154	83052952	83057152	6.138155901	0.001624507
134	EDIL3	chr5	-	83236414	83239387	83940595	83943568	83940473	83944624	1.105849191	0.00134499
135	KIAA0825	chr5	-	93486556	93489829	94150851	94154124	94142387	94154596	0.633912747	0.001527184
136	RGMB	chr5	+	98128789	98132198	98793085	98796494	98689133	98804345	1.821213083	0.002052786
137	GIN1	chr5	-	102421704	102423876	103086000	103088172	103083706	103092185	1.953056196	0.000460193
138	TSSK1B	chr5	-	112768251	112770728	113432554	113435031	113424777	113435366	1.122550769	0.00322841
139	CHSY3	chr5	+	129519922	129522327	130184229	130186634	130182517	130189692	0.984040817	0.000831601
140	PURA	chr5	+	139493708	139499001	140114123	140119416	140114015	140119518	2.920889675	0
141	PCDHA1	chr5	+	140389212	140391929	141009627	141012344	141006939	141014693	0.689264143	0.000735835
142	PCDHB4	chr5	+	140501332	140505205	141121750	141125623	141117630	141126627	2.497281544	0.000774393
143	ADRB2	chr5	+	148206156	148208197	148826593	148828634	148826270	148828742	2.1288302	0.000489716
144	KIF4B	chr5	+	154393315	154397692	155013755	155018132	155013988	155018116	0.614722467	0.001370489
145	GABRB2	chr5	-	160715436	160721435	161288429	161294428	161287717	161295057	1.268953218	0.001166667
146	STK10	chr5	-	171469074	171472026	172042070	172045022	172042186	172044527	5.896182006	0.001693193
147	NSD1	chr5	+	176636637	176639196	177209636	177212195	177207066	177214240	9.793660003	0
148	ADAMTS2	chr5	-	178537852	178541325	179110851	179114324	179110889	179114209	3.089862343	0.001727116
149	MGAT1	chr5	-	180217541	180220097	180790541	180793097	180788074	180798833	8.052467	0.000782167
150	FOXQ1	chr6	+	1312675	1314993	1312440	1314758	1308317	1317526	2.497688484	0
151	GFOD1	chr6	-	13363587	13365894	13363355	13365662	13361835	13366003	2.625110461	0.001733102
152	RBM24	chr6	+	17291987	17294102	17291756	17293871	17277285	17295941	3.519709314	0.00047259
153	NHLRC1	chr6	-	18120718	18122851	18120487	18122620	18055600	18222846	5.409762641	0.000468604
154	HDGFL1	chr6	+	22569678	22571891	22569449	22571662	22435582	22625407	2.585491534	0.001806685
155	TRIM38	chr6	+	25983392	25987557	25983164	25987329	25978621	25992943	5.372996423	0.002640422
156	RNF8	chr6	+	37358518	37362514	37390742	37394738	37390563	37395592	1.850962332	0.001501126
157	SUPT3H	chr6	-	44794467	44797594	44826730	44829857	44823251	44838954	0.742033742	0.001279181
158	CD2AP	chr6	+	47591922	47594999	47624186	47627263	47615609	47631978	4.272248605	0.001299545
159	FAM83B	chr6	+	54804504	54809897	54939706	54945099	54939588	54945305	1.990615845	0.001853912
160	HTR1B	chr6	-	78170565	78173739	77460848	77464022	77459007	77472486	1.376465432	0.000314961
161	MEI4	chr6	+	78632806	78636759	77923089	77927042	77920116	77928953	2.168407785	0.001264542
162	BVES	chr6	-	105544697	105549088	105096822	105101213	105093146	105104208	2.388314412	0.001593807
163	PDSS2	chr6	-	107473761	107475981	107152557	107154777	107151232	107156184	3.75527631	0.001800991
164	SOBP	chr6	+	107979411	107982513	107658207	107661309	107655305	107663116	1.053505186	0.001289075
165	FOXO3	chr6	+	109001030	109005971	108679827	108684768	108569159	108689305	1.499936366	0.000404694
166	MCM9	chr6	-	119134612	119137457	118813449	118816294	118801519	118819669	7.389500082	0.001405481
167	GJA1	chr6	+	121767978	121770890	121446832	121449744	121445140	121451837	5.33088526	0.000686577
168	TRDN	chr6	-	123537484	123539885	123216339	123218740	123210569	123221523	0.765399361	0.000832639
169	TRDN	chr6	-	123670620	123673731	123349475	123352586	123349488	123352257	1.614524537	0.001928021
170	AKAP7	chr6	+	131602670	131604675	131281530	131283535	131278971	131286781	1.89110777	0.001994018
171	OLIG3	chr6	-	137813336	137815531	137492199	137494394	137491024	137495846	1.031566969	0.001822323
172	GVQW2	chr6	-	139046348	139048630	138725211	138727493	138718692	138729736	1.721304905	0.003066141
173	STX11	chr6	+	144507760	144513076	144186623	144191939	144158462	144206525	1.442152638	0.00094038
174	UTRN	chr6	+	145172125	145174170	144850989	144853034	144850299	144894872	2.413676662	0.000977517
175	UST	chr6	+	149394969	149398126	149073833	149076990	149071995	149077642	1.010194275	0.000949968
176	TAB2	chr6	+	149730713	149732749	149409577	149411613	149409221	149431105	2.392452725	0.000490918
177	IPCEF1	chr6	-	154475618	154481175	154154483	154160040	154149752	154160933	9.873629052	0.001439367
178	PARK2	chr6	-	161768590	161771243	161347558	161350211	161347581	161349602	3.61651213	0.003391108
179	PAPOLB	chr7	-	4897369	4901625	4857738	4861994	4852861	4869710	1.729520732	0.000469814
180	ZNF316	chr7	+	6691934	6697910	6652303	6658279	6652369	6658221	2.618120066	0.001840388
181	DGKB	chr7	-	14184674	14188863	14145049	14149238	14145094	14149232	0.97521992	0.001193317
182	ISPD	chr7	-	16127152	16131424	16087527	16091799	16072711	16097189	4.543125311	0.00117096
183	SP4	chr7	+	21550640	21554440	21511022	21514822	21424112	21535600	7.261769481	0.000263089
184	PDE1C	chr7	-	31790793	31793167	31751179	31753553	31748436	31758539	0.902786865	0.002105263
185	BMPER	chr7	+	34192704	34195484	34153092	34155872	34139063	34196594	4.466401166	0.000719166
186	GPR141	chr7	+	37779982	37783423	37740380	37743821	37714818	37911533	3.113392062	0.002614759
187	CRCP	chr7	+	65617195	65619555	66152208	66154568	66150493	66156312	2.171926232	0.000847099
188	YWHAG	chr7	-	75956108	75959550	76326791	76330233	76323369	76331121	3.355486469	0.000580889
189	MAGI2	chr7	-	77646374	77649293	78017057	78019976	78011844	78024039	1.365621045	0.000684932
190	FZD1	chr7	+	90893783	90898132	91264468	91268817	91264507	91268813	1.598116628	0.000689655
191	AKAP9	chr7	+	91630162	91632549	92000848	92003235	91999298	92003275	2.415778775	0.001256281
192	TRIM4	chr7	-	99488030	99490369	99890407	99892746	99886105	99897512	1.613884344	0.001282051
193	LRRN3	chr7	+	110762471	110765510	111122415	111125454	110821269	111182741	1.230737852	0.001973684
194	CAV2	chr7	+	116146025	116148595	116505971	116508541	116506016	116508498	3.043342872	0.000388954
195	KCND2	chr7	+	119913722	119915801	120273668	120275747	120273729	120275615	1.642923376	0.000961538
196	GPR37	chr7	-	124404008	124406079	124763954	124766025	124759029	124777193	6.078717939	0.000965251
197	NRF1	chr7	+	129394858	129396922	129755018	129757082	129753552	129758917	8.733118474	0.000968992
198	C7orf49	chr7	-	134777061	134779334	135092309	135094582	135092218	135094617	3.282566842	0
199	MTPN	chr7	-	135611503	135614760	135926755	135930012	135926762	135930000	1.280761109	0.001227747
200	CTAGE15	chr7	+	143268894	143271480	143571801	143574387	143534839	143602164	1.428372211	0
201	CNTNAP2	chr7	+	148112509	148118090	148415417	148420998	148415780	148420959	4.946484678	0.001433178
202	ZNF425	chr7	-	148799876	148802658	149102784	149105566	149102888	149105374	9.621617568	0.002155947
203	HTR5A	chr7	+	154875865	154879102	155084155	155087392	155082730	155090564	1.455899682	0.000308833
204	MCPH1	chr8	+	6500515	6506026	6642994	6648505	6643008	6648475	2.244708851	0.00308418
205	MFHAS1	chr8	-	8747571	8751131	8890061	8893621	8890166	8893596	7.96847955	0
206	PPP1R3B	chr8	-	8993764	8999178	9136254	9141668	9136264	9141651	2.438215783	0
207	TNKS	chr8	+	9634160	9639856	9776650	9782346	9775372	9806842	4.337279452	0
208	XKR6	chr8	-	10753654	10756426	10896144	10898916	10893409	10901865	2.899024371	0
209	FAM167A	chr8	-	11278973	11282145	11421464	11424636	11364859	11455979	2.730739651	0
210	SGCZ	chr8	-	13942344	13948146	14084835	14090637	14084837	14090632	2.091853794	0.001378597
211	MTUS1	chr8	-	17611226	17613470	17753717	17755961	17753738	17755931	3.117088595	0.000890869
212	SCARA5	chr8	-	27727399	27729587	27869882	27872070	27864324	27875839	3.407818223	0.000913659
213	RAB11FIP1	chr8	-	37716465	37720631	37858947	37863113	37858639	37864787	2.564436077	0.00144023
214	SNTG1	chr8	+	51705231	51709216	50792671	50796656	50690189	50810717	1.441905061	0.002007025
215	FAM110B	chr8	+	59058466	59062277	58145907	58149718	58142352	58151078	1.616553478	0.001573977
216	ASPH	chr8	-	62536269	62538839	61623710	61626280	61618992	61628781	2.669033798	0.001166861
217	YTHDF3	chr8	+	64122241	64125346	63209683	63212788	63208195	63215667	3.365179012	0
218	XKR9	chr8	+	71646031	71648177	70733796	70735942	70731169	70742796	2.338415312	0.000931532
219	KCNB2	chr8	+	73848170	73850584	72935935	72938349	72935378	72939556	1.526479837	0.000828157
220	DCAF4L2	chr8	-	88882971	88886296	87870743	87874068	87865976	87881002	1.504268545	0.000601323
221	BAALC	chr8	+	104240217	104242533	103227989	103230305	103145148	103294088	1.391644025	0.001294778
222	ZHX2	chr8	+	123963532	123966268	122951292	122954028	122915273	122996657	5.738386452	0.002192181
223	LRRC6	chr8	-	133582667	133584728	132570419	132572480	132568696	132575619	7.407574682	0.000484966
224	ZNF251	chr8	-	145946294	145948767	144720909	144723382	144720854	144723509	0.85314954	0
225	CCDC171	chr9	+	15971607	15974037	15971609	15974039	15970684	15976560	2.365675549	0
226	KLHL9	chr9	-	21329670	21335431	21329671	21335432	21326832	21360133	1.759272071	0.000867754
227	TUSC1	chr9	-	25676387	25678856	25676389	25678858	25670059	25682798	2.8253937	0.000809717
228	MOB3B	chr9	-	27325207	27330614	27325209	27330616	27325220	27330518	2.997910804	0.00147929
229	LINGO2	chr9	-	27948084	27950704	27948086	27950706	27919726	27972555	2.072863251	0.000381534
230	KLF9	chr9	-	72999513	73002921	70384597	70388005	70374474	70393027	1.331446276	0.000293341
231	TRPM3	chr9	-	73149949	73152321	70535033	70537405	70535040	70537398	1.698512937	0.000842815
232	PRUNE2	chr9	-	79226292	79229516	76611376	76614600	76610416	76614804	4.180337992	0.001550388
233	NTRK2	chr9	+	87425457	87430623	84810542	84815708	84810639	84815644	3.439549247	0.000387072
234	C9orf170	chr9	+	89771488	89774641	87156573	87159726	87040582	87217126	2.039544769	0.002536462
235	SPIN1	chr9	+	91089993	91093623	88475078	88478708	88474797	88483291	3.496288941	0.000275406
236	SYK	chr9	+	93657810	93660842	90895528	90898560	90891740	90901050	3.417560235	0.001318826
237	ZNF484	chr9	-	95607313	95610833	92845031	92848551	92841157	92852223	5.274863697	0.000852031
238	CDC14B	chr9	-	99262395	99266071	96500113	96503789	96500163	96503754	2.533978133	0.000543922
239	NR4A3	chr9	+	102625902	102629173	99863620	99866891	99863628	99866866	1.58176839	0
240	PALM2-AKAP2	chr9	+	112930679	112934792	110168399	110172512	110167753	110174610	2.093928749	0.002430724
241	ZBTB43	chr9	+	129594766	129600489	126832487	126838210	126832493	126838135	3.147255385	0.001222921
242	LRRC8A	chr9	+	131669436	131671600	128907157	128909321	128901780	128910989	2.2025812	0.001847575
243	IER5L	chr9	-	131937831	131940540	129175552	129178261	129175367	129180538	1.402003742	0
244	NCS1	chr9	+	132995269	132999583	130232990	130237304	130194109	130238715	9.700364117	0.001854427
245	FAM78A	chr9	-	134133465	134136737	131258078	131261350	131257084	131262651	1.959423191	0.004582951
246	PFKFB3	chr10	+	6274858	6277508	6232895	6235545	6231245	6235756	3.433515707	0.004149378
247	SFMBT2	chr10	-	7200586	7205872	7158624	7163910	6968320	7166998	3.108333592	0.004540295
248	USP6NL	chr10	-	11502509	11505848	11460510	11463849	11459143	11466981	2.878282487	0.000898204
249	CCDC3	chr10	-	12938625	12940679	12896625	12898679	12772979	12949194	2.331877913	0.001946472
250	RSU1	chr10	-	16632615	16635495	16590616	16593496	16583756	16601882	6.179615582	0.000694203
251	OTUD1	chr10	+	23728198	23731310	23439269	23442381	23439280	23442376	1.094320887	0.000321234
252	MKX	chr10	-	27961803	27964344	27672874	27675415	27630795	27683624	1.352826168	0.000786782
253	PARD3	chr10	-	34398488	34400490	34109560	34111562	34101684	34116969	1.913805631	0.000499251
254	CSGALNACT2	chr10	+	43678698	43680756	43183250	43185308	43174483	43214900	2.530164935	0
255	HNRNPF	chr10	-	43881065	43883384	43385617	43387936	43341030	43396064	2.203529869	0.000431034
256	CSTF2T	chr10	-	53455246	53459355	51695486	51699595	51695500	51699471	1.631552158	0.001459854
257	ANK3	chr10	-	61786056	61789584	60026298	60029826	60025185	60044636	1.47532862	0.000566733
258	LRRTM3	chr10	+	68857345	68861309	67097587	67101551	66980895	68915568	0.67828988	0.001261034
259	LRRC20	chr10	-	72058726	72061264	70298970	70301508	70290419	70304625	1.055571725	0.00394011
260	ZCCHC24	chr10	-	81142081	81146214	79382325	79386458	79382328	79386400	2.801566588	0.002418965
261	CCSER2	chr10	+	86273205	86278277	84513449	84518521	84509283	84518935	3.068912932	0.000788488
262	CPEB3	chr10	-	93808397	93812196	92048640	92052439	92048716	92052299	1.630626111	0
263	FRAT1	chr10	+	99079022	99081672	97319265	97321915	97316456	97324042	5.265427459	0.001886081
264	FRAT2	chr10	-	99092254	99094458	97332497	97334701	97331143	97343020	1.517020738	0.004081633
265	STN1	chr10	-	105637316	105642599	103877558	103882841	103877673	103882831	5.154336887	0.000567752
266	ADRA2A	chr10	+	112836790	112840665	111077032	111080907	111076862	111081872	1.094197253	0.001031992
267	ADRB1	chr10	+	115803806	115806667	114044047	114046908	114042558	114047828	2.035207816	0.000698812
268	ATRNL1	chr10	+	117704169	117708510	115944658	115948999	115944829	115948966	3.77985001	0.001842469
269	RAB11FIP2	chr10	-	119764427	119768736	118004916	118009225	118004919	118009202	1.80554671	0.001160093
270	ATE1	chr10	-	123499936	123503373	121740421	121743858	121738613	121746968	1.126558708	0.001454334
271	TOLLIP	chr11	-	1295598	1298483	1274368	1277253	1272795	1286446	3.275377945	0.001386001
272	OR51E1	chr11	+	4673718	4676718	4652488	4655488	4650373	4661216	5.740328413	0.001332889
273	OR51E2	chr11	-	4701401	4703991	4680171	4682761	4675871	4686527	5.066459373	0.001543805
274	ZNF215	chr11	+	6976921	6979278	6955690	6958047	6954751	6959319	6.677280972	0.001272265
275	RBMXL2	chr11	+	7110165	7112379	7088934	7091148	6989051	7187729	2.202414261	0.001354402
276	RASSF10	chr11	+	13030970	13033653	13009423	13012106	13008373	13013158	1.849470636	0.000745156
277	FANCF	chr11	-	22644079	22647387	22622533	22625841	22605589	22633652	1.46803684	0
278	CD44	chr11	+	35250676	35253949	35229129	35232402	35217207	35243076	2.571663072	0.00091631
279	FJX1	chr11	+	35639735	35642421	35618187	35620873	35615793	35624887	1.701802482	0.001860811
280	TRIM44	chr11	+	35827908	35832603	35806358	35811053	35806499	35810883	1.501109429	0.002555366
281	PRR5L	chr11	+	36483892	36486754	36462342	36465204	36459814	36468935	2.872666764	0.00174642
282	LRRC4C	chr11	-	40135749	40137884	40114199	40116334	40105987	40122386	0.768092453	0
283	SHANK2	chr11	-	70313961	70319544	70467856	70473439	68894548	70829221	3.400852987	0.000537249
284	UVRAG	chr11	+	75851755	75855282	76140711	76144238	76128276	76150652	1.575635419	0.00170068
285	THAP12	chr11	-	76061000	76063838	76349956	76352794	76343289	76357349	3.702535688	0
286	CCDC89	chr11	-	85394887	85397320	85683844	85686277	85681293	85689010	2.410006695	0.002054232
287	SLC36A4	chr11	-	92877337	92882010	93144171	93148844	93144263	93148737	3.175805895	0.001069748
288	KDM4E	chr11	+	94758422	94760760	95025258	95027596	95022062	95030508	1.597166557	0.000429
289	ENDOD1	chr11	+	94861541	94865815	95128377	95132651	95126083	95133126	2.58674125	0.001403509
290	DDI1	chr11	+	103907308	103909922	104036580	104039194	104036528	104040109	0.807118135	0.003059273
291	KDM5A	chr12	-	389223	394828	280057	285662	280117	285596	4.368056879	0.001783803
292	KCNA6	chr12	+	4918342	4923944	4809176	4814778	4802087	4818632	2.096376985	0.001784758
293	KCNA5	chr12	+	5153085	5155954	5043919	5046788	5042471	5049073	2.844478597	0.000348432
294	LPAR5	chr12	-	6728001	6730630	6618835	6621464	6611629	6625147	2.834845396	0.002281369
295	LMO3	chr12	-	16701306	16704261	16548372	16551327	16544593	16556416	5.590436044	0.00135318
296	PDE3A	chr12	+	20832964	20837041	20680030	20684107	20473899	20695210	3.623189508	0.001471309
297	ABCD2	chr12	-	39945022	39947933	39551220	39554131	39548205	39562463	1.561800313	0.000686813
298	CNTN1	chr12	+	41463761	41466214	41069959	41072412	41066952	41074714	1.935355727	0.001222494
299	ARID2	chr12	+	46298717	46301823	45904934	45908040	45871519	46026682	6.329181437	0.000321854
300	CCDC184	chr12	+	48577366	48579709	48183583	48185926	48172248	48189181	1.914338397	0.001279863
301	TESPA1	chr12	-	55342087	55344174	54948303	54950390	54932829	54959869	2.001908762	0.000957854
302	FAM19A2	chr12	-	62102029	62104198	61708248	61710417	61696135	61712939	2.769675696	0.000460829
303	PPM1H	chr12	-	63037762	63042416	62643982	62648636	62641090	62713473	1.529760386	0.000214823
304	SRGAP1	chr12	+	64536075	64541643	64142295	64147863	64141691	64151981	1.905365561	0.000897827
305	HMGA2	chr12	+	66357025	66360071	65963245	65966291	65962487	65973907	4.531564809	0.000328192
306	LRRC10	chr12	-	70002344	70004942	69608564	69611162	68346873	70281546	3.52108045	0.00115429
307	BEST3	chr12	-	70047389	70049593	69653609	69655813	68346873	70281546	3.057342	0.002721088
308	KCNMB4	chr12	+	70824265	70828072	70430485	70434292	70430583	70434243	0.746971972	0.000787815
309	ATXN7L3B	chr12	+	74931551	74935232	74537771	74541452	74534312	74541831	1.100080197	0.001357958
310	LIN7A	chr12	-	81186299	81191505	80792520	80797726	80792453	80803125	3.291346205	0.001152295
311	KITLG	chr12	-	88886570	88890958	88492793	88497181	88484427	88499453	3.550316002	0.000911369
312	ATP2B1	chr12	-	89981826	89985072	89588049	89591295	89586017	89613893	3.186862201	0.000615953
313	CHST11	chr12	+	105150727	105155792	104756949	104762014	104756964	104762004	0.55269485	0.000789578
314	TMEM132C	chr12	+	129189635	129192460	128705090	128707915	128705105	128707883	4.747994583	0.003893805
315	GLT1D1	chr12	+	129467474	129469509	128982929	128984964	128979898	128989145	0.82956482	0.002455796
316	ZNF891	chr12	-	133696555	133698610	133119969	133122024	133119539	133124200	1.804461667	0.000972763
317	GJA3	chr13	-	20712394	20717444	20138255	20143305	20052694	20274005	3.403906029	0.000792079
318	PABPC3	chr13	+	25670276	25672705	25096138	25098567	25093792	25106104	0.936499819	0.002470152
319	SERTM1	chr13	+	37269043	37271976	36694906	36697839	36676563	36702932	1.305733084	0.001022495
320	CSNK1A1L	chr13	-	37677397	37679801	37103260	37105664	37094493	37114821	8.550109376	0.002910603
321	COG6	chr13	+	40362472	40365802	39788335	39791665	39787801	39797477	1.354648161	0
322	KBTBD7	chr13	-	41765527	41768711	41191391	41194575	41187628	41197455	1.147523655	0
323	EPSTI1	chr13	-	43460524	43462638	42886388	42888502	42880974	42897783	5.072348391	0
324	SIAH3	chr13	-	46354405	46358192	45780270	45784057	45692196	45894879	3.801305483	0
325	LRCH1	chr13	+	47315777	47319036	46741642	46744901	46679389	46842773	2.648165589	0.000613497
326	LRCH1	chr13	+	47324675	47327176	46750540	46753041	46679389	46842773	3.287701752	0.00039968
327	CAB39L	chr13	-	49882786	49885129	49308650	49310993	49304825	49318020	1.253501913	0.000426621
328	DLEU7	chr13	-	51285162	51287376	50711026	50713240	50706638	50720638	0.552945806	0.001354402
329	FAM124A	chr13	+	51854586	51858377	51280450	51284241	51260766	51320614	2.496447482	0.001582278
330	PCDH17	chr13	+	58205789	58209245	57631655	57635111	57620511	57653995	0.683730792	0.001157073
331	PCDH17	chr13	+	58298746	58303065	57724612	57728931	57721213	57732738	0.838909137	0.000462963
332	PCDH9	chr13	-	66876966	66879160	66302834	66305028	66298595	66315167	1.33218466	0
333	DACH1	chr13	-	72012098	72014824	71437966	71440692	71436918	71441488	4.5455477	0
334	RAP2A	chr13	+	98116459	98120252	97464205	97467998	97372583	97487795	5.210384471	0.000790722
335	FAM155A	chr13	-	107820879	107823134	107168531	107170786	107167060	107173106	2.482684089	0.000886525
336	IRS2	chr13	-	110434389	110438914	109782042	109786567	109780503	109786990	1.354318529	0
337	SOX1	chr13	+	112721913	112726020	112067599	112071706	112067601	112071638	1.231919219	0.001217137
338	MIPOL1	chr14	+	38016110	38020464	37546905	37551259	37546504	37553153	1.190355334	0.000688863
339	CLEC14A	chr14	-	38723205	38725575	38254000	38256370	38231029	38268049	6.353246394	0.002108815
340	L2HGDH	chr14	-	50709152	50713971	50242434	50247253	50230505	50260226	1.846332901	0.000622794
341	TMEM30B	chr14	-	61744088	61748530	61277370	61281812	61272782	61284692	0.975696116	0.000900495
342	ADAM20	chr14	-	70989078	70991650	70522361	70524933	70516021	70525208	9.402230479	0
343	RGS6	chr14	+	73029125	73033238	72562417	72566530	72557019	72570193	1.933446174	0.001215362
344	MAGEL2	chr15	-	23888696	23892993	23643549	23647846	23640660	23662046	1.003029292	0
345	GABRB3	chr15	-	26788693	26793281	26543546	26548134	26516499	26553458	6.947766578	0.00087165
346	KLF13	chr15	+	31664213	31670102	31372010	31377899	31372056	31377899	1.174879628	0
347	BMF	chr15	-	40380091	40384089	40087890	40091888	40081496	40112102	2.956219878	0.00100025
348	WDR72	chr15	-	53805938	53809951	53513741	53517754	53503548	53518837	4.023914875	0
349	UNC13C	chr15	+	54304845	54308083	54012648	54015886	54012017	54017425	1.048490669	0.000308737
350	RAB27A	chr15	-	55495164	55497903	55202966	55205705	55200654	55207510	4.902971872	0.001094891
351	C15orf59	chr15	-	74027772	74032983	73735431	73740642	73713587	73759301	4.575507238	0.00076746
352	RPP25	chr15	-	75247443	75249775	74955102	74957434	74949700	74962981	4.763089783	0.001285898
353	TSPAN3	chr15	-	77336359	77339269	77044017	77046927	77038412	77047806	2.902493983	0.000687049
354	LINGO1	chr15	-	77905366	77908242	77613024	77615900	77609673	77617221	1.657813387	0.000347584
355	TMED3	chr15	+	79703742	79706228	79411400	79413886	79409622	79415160	0.682036672	0.002010454
356	SAXO2	chr15	+	82574460	82577268	82282119	82284927	82282129	82284920	1.773874316	0.000355999
357	CHSY1	chr15	-	101715928	101719185	101175723	101178980	101175393	101180716	5.837918162	0.00092081
358	FLYWCH1	chr16	+	2998689	3001209	2948688	2951208	2946496	2954791	2.963094935	0.002380008
359	ADCY9	chr16	-	4012650	4016967	3962649	3966966	3955511	3967840	2.822278744	0.001853139
360	C16orf72	chr16	+	9210525	9213555	9116668	9119698	9087715	9161322	1.665397296	0.000989772
361	SNX29	chr16	+	12662363	12668146	12568506	12574289	12567302	12574841	2.073782485	0.003804254
362	CPPED1	chr16	-	12753656	12758972	12659799	12665115	12659821	12665109	1.003556686	0.002445448
363	SHISA9	chr16	+	13002336	13005507	12908479	12911650	12904113	12920117	3.531106929	0.000945776
364	SHISA9	chr16	+	13328887	13334273	13235030	13240416	13235038	13240411	1.616241548	0.000742666
365	ANKS4B	chr16	+	21261052	21263750	21249731	21252429	21247862	21252612	5.903535739	0.002964061
366	HS3ST4	chr16	+	26146933	26149009	26135612	26137688	26132825	26140283	1.434468046	0.002407318
367	C16orf82	chr16	+	27078219	27080487	27066898	27069166	27063474	27072259	0.919803254	0.001762891
368	GSG1L	chr16	-	27798850	27802788	27787529	27791467	27787658	27791410	2.60060152	0.000761615
369	FTO	chr16	+	54145674	54148379	54111762	54114467	54109693	54117978	2.26726199	0.002217295
370	LOC729159	chr16	-	60391583	60393697	60357679	60359793	60351716	60361987	0.6164534	0
371	CYB5B	chr16	+	69496333	69500167	69462430	69466264	68706750	70641423	1.759820891	0.001043025
372	CRK	chr17	-	1324647	1326944	1421353	1423650	1410721	1453256	2.894307856	0
373	RTN4RL1	chr17	-	1837971	1841102	1934677	1937808	1934714	1937742	3.176388696	0.001596934
374	UBE2G1	chr17	-	4172512	4175811	4269217	4272516	4263838	4273878	2.867374125	0.000606061
375	GLP2R	chr17	+	9792687	9795420	9889370	9892103	9887161	9894806	8.123446855	0.000731797
376	HS3ST3A1	chr17	-	13397349	13400135	13494032	13496818	13480741	13579107	0.997089851	0.000717618
377	ARHGAP23	chr17	+	36666180	36668628	38509944	38512392	38506704	38513196	2.724817954	0.00122499
378	SRCIN1	chr17	-	36686259	36689666	38530024	38533431	38524926	38535770	2.092340528	0.000880282
379	EPOP	chr17	-	36827956	36831187	38671703	38674934	38648029	38678829	0.896703421	0
380	KIF2B	chr17	+	51900239	51902573	53822878	53825212	53817389	53830408	1.999999818	0.001713062
381	YPEL2	chr17	+	57474462	57479095	59397101	59401734	59395507	59405271	3.004599719	0.001510574
382	PECAM1	chr17	-	62396775	62401205	64319415	64323845	64319544	64323823	2.836741358	0.002031144
383	CDC42EP4	chr17	-	71279763	71282751	73283624	73286612	73273632	73287650	3.970976842	0.00234192
384	SDK2	chr17	-	71330523	71335079	73334384	73338940	73331759	73340653	2.173599787	0.001536098
385	BIRC5	chr17	+	76219546	76221716	78223465	78225635	78221088	78230433	2.436949091	0.001842469
386	FOXK2	chr17	+	80559179	80562483	82601303	82604607	82600428	82605509	1.667221597	0.001210287
387	YES1	chr18	-	721592	724632	721592	724632	718021	730271	1.879167341	0.001973035
388	RAB31	chr18	+	9859225	9862553	9859228	9862556	9858025	9862818	1.775895217	0.001201562
389	MC2R	chr18	-	13882043	13885645	13882044	13885646	13882155	13885614	6.247921885	0.001387732
390	ANKRD29	chr18	-	21178890	21181273	23598926	23601309	23588429	23614077	1.457396496	0.002516779
391	SETBP1	chr18	+	42529846	42533305	44949881	44953340	44947368	44961166	1.229352546	0.001156069
392	SMAD7	chr18	-	46446223	46448280	48919853	48921910	48826389	48942644	3.179023351	0.000485909
393	WDR7	chr18	+	54694235	54697036	57027004	57029805	57022005	57034580	3.446917035	0.000357015
394	BOD1L2	chr18	+	54814293	54817639	57147062	57150408	57143739	57152334	2.091150791	0.000896325
395	ALPK2	chr18	-	56202066	56205456	58534834	58538224	58534551	58540084	3.703183605	0.000589797
396	TNFRSF11A	chr18	+	60051984	60054943	62384751	62387710	62380158	62391429	1.82224308	0.001013514
397	BCL2	chr18	-	60790579	60795992	63123346	63128759	63121820	63131888	2.872853921	0.001847063
398	ZNF407	chr18	+	72775106	72777628	75063150	75065672	75053160	75094998	0.902849315	0.000792707
399	TSHZ1	chr18	+	72997403	73001905	75285448	75289950	75277435	75295988	1.019969128	0.001554519
400	GNG7	chr19	-	2511218	2515145	2511220	2515147	2502488	2616204	3.591809287	0.001273237
401	FEM1A	chr19	+	4791728	4795571	4791716	4795559	4788884	4796805	5.26551039	0.002862347
402	ZNF506	chr19	-	19903520	19906469	19792711	19795660	19678337	20084067	1.90151468	0.001694915
403	ZNF682	chr19	-	20115227	20118084	20004418	20007275	19678337	20084067	3.121956301	0
404	ZNF429	chr19	+	21719082	21723470	21536280	21540668	21529220	21615010	4.022783855	0.000227842
405	ZNF100	chr19	-	21906843	21910791	21724041	21727989	21559740	21768613	6.469511184	0.000759686
406	ZNF43	chr19	-	21987751	21992609	21804949	21809807	21800705	21813097	3.413276713	0.000411692
407	ZNF676	chr19	-	22361903	22364388	22179101	22181586	22172360	22185540	1.612735416	0.001206758
408	ZNF729	chr19	+	22496473	22499978	22313671	22317176	22253009	22442834	2.096399789	0.001141227
409	ZNF254	chr19	+	24309056	24312770	24126254	24129968	24069562	24153165	6.117595882	0
410	ZNF536	chr19	+	30934468	30936639	30443561	30445732	30440291	30451718	1.360246183	0.00092081
411	TSHZ3	chr19	-	31765851	31770658	31274945	31279752	31272919	31280276	0.931720095	0.000831947
412	ZNF599	chr19	-	35248979	35251464	34758074	34760559	34747849	34773718	2.771242383	0.001206758
413	FFAR2	chr19	+	35940617	35942669	35449715	35451767	35446735	35453637	2.871421703	0.00243546
414	ZNF146	chr19	+	36726561	36729676	36235659	36238774	36232856	36242703	3.619629737	0.001283697
415	ZNF566	chr19	-	36936021	36940903	36445119	36450001	36445128	36449998	1.042989358	0.001228753
416	ZNF345	chr19	+	37367687	37370477	36876785	36879575	36876790	36879548	2.295763809	0.001791473
417	ZNF781	chr19	-	38158650	38161457	37667749	37670556	37662009	37704632	1.690969394	0.000356125
418	ZNF233	chr19	+	44777052	44779470	44272899	44275317	43861337	44283160	2.304557021	0.001653576
419	ZNF235	chr19	-	44790501	44793349	44286348	44289196	44284552	44290494	4.111618129	0.000351124
420	ZNF112	chr19	-	44830706	44834089	44326553	44329936	44322824	44338836	4.907794427	0.001477541
421	CCDC8	chr19	-	46913586	46916919	46410329	46413662	46405909	46421830	2.893767139	0.00120012
422	ARHGAP35	chr19	+	47421933	47425613	46918676	46922356	46913645	46923700	2.478741491	0.000543331
423	FPR3	chr19	+	52326992	52329443	51823739	51826190	51822772	51827765	1.161321902	0.000408163
424	ZNF841	chr19	-	52567719	52570863	52064466	52067610	52060407	52068505	4.132719518	0.000953895
425	ZNF667	chr19	-	56950693	56954110	56439324	56442741	56437745	56442932	4.097490193	0.001462844
426	ZNF71	chr19	+	57132636	57135550	56621268	56624182	56619167	56644370	4.385815128	0.000686106
427	ZCCHC3	chr20	+	278204	280965	297563	300321	295559	307373	2.49247036	0
428	STK35	chr20	+	2124430	2129201	2143784	2148555	2138435	2161299	1.627642042	0.000628667
429	BMP2	chr20	+	6758892	6760927	6778245	6780280	6774508	6781460	2.661966903	0
430	PLCB1	chr20	+	8862269	8865547	8881622	8884900	8868209	8898843	6.72196076	0.000609942
431	RALGAPA2	chr20	-	20370272	20373897	20389628	20393253	20212307	20452113	1.991251567	0.002482074
432	THBD	chr20	-	23026270	23030301	23045633	23049664	23044033	23052026	2.432151057	0
433	TGIF2	chr20	+	35219313	35222355	36590910	36593952	36587121	36599471	1.74825338	0.000985869
434	RPRD1B	chr20	+	36718128	36720766	38089726	38092364	38088880	38094351	1.265732133	0.000378931
435	MAFB	chr20	-	39314488	39317880	40685848	40689240	40684500	40690808	0.756221186	0.000589449
436	ZHX3	chr20	-	39830697	39833706	41202057	41205066	41199058	41212451	2.291449045	0.001993355
437	PARD6B	chr20	+	49366196	49370278	50749659	50753741	50746472	50773771	2.373358525	0.000244918
438	NFATC2	chr20	-	50003494	50007988	51386957	51391451	51383850	51392065	4.476644819	0.000222469
439	OLIG1	chr21	+	34442450	34444728	33070144	33072422	33064064	33077128	2.768454111	0.001316367
440	MN1	chr22	-	28144265	28147084	27748277	27751096	27745429	27752431	1.799319731	0.00141844
441	MN1	chr22	-	28192751	28197486	27796763	27801498	27792215	27811333	1.446557756	0
442	TCF20	chr22	-	42605657	42611347	42209651	42215341	42207770	42228656	5.017411583	0.000527148
443	CELSR1	chr22	-	46929524	46933067	46533627	46537170	46532839	46537509	0.567302848	0.001975169
444	TBC1D22A	chr22	+	47569141	47571342	47173498	47175699	47169490	47192657	2.041531961	0.004995459
