#bin	name	chrom	strand	txStart	txEnd	cdsStart	cdsEnd	exonCount	exonStarts	exonEnds	score	name2	cdsStartStat	cdsEndStat	exonFrames
189	ENSCSAT00000017767.1	chr20	-	122396930	122474190	122398877	122409902	3	122396930,122409208,122473976,	122399005,122410050,122474190,	0	ENSCSAG00000000767.1	cmpl	cmpl	1,0,-1,
189	ENSCSAT00000017762.1	chr20	+	121892414	121921621	121898286	121919094	4	121892414,121898262,121899076,121919035,	121892499,121898382,121899167,121921621,	0	ENSCSAG00000000772.1	cmpl	cmpl	-1,0,0,1,
184	ENSCSAT00000017693.1	chr20	-	116518678	116546280	116520691	116540402	8	116518678,116527065,116528483,116532941,116534856,116535898,116540152,116545779,	116520805,116527183,116528662,116533111,116534959,116536086,116540893,116546280,	0	ENSCSAG00000000840.1	cmpl	cmpl	0,2,0,1,0,1,0,-1,
1064	ENSCSAT00000017157.1	chr20	+	62791170	62879492	62791522	62876569	13	62791170,62811385,62822772,62831702,62833582,62838350,62842966,62847241,62850906,62864599,62866619,62870487,62876438,	62791952,62811427,62822877,62831788,62833628,62838417,62843111,62847373,62851068,62864679,62866718,62870588,62879492,	0	ENSCSAG00000001376.1	cmpl	cmpl	0,1,1,1,0,1,2,0,0,0,2,2,1,
1002	ENSCSAT00000017127.1	chr20	-	54659196	54704452	54662816	54704421	2	54659196,54703623,	54663098,54704452,	0	ENSCSAG00000001406.1	cmpl	cmpl	0,0,
112	ENSCSAT00000017072.1	chr20	+	41353324	41565343	41377580	41561992	17	41353324,41377498,41448805,41487374,41511083,41516034,41518066,41523759,41525671,41526431,41528534,41528845,41532696,41536496,41546971,41549348,41561873,	41353578,41377668,41448990,41487512,41511267,41516203,41518214,41523949,41526009,41526584,41528675,41529004,41532996,41536617,41547013,41549456,41565343,	0	ENSCSAG00000001461.1	cmpl	cmpl	-1,0,1,0,0,1,2,0,1,0,0,0,0,0,1,1,1,
111	ENSCSAT00000017063.1	chr20	+	40470910	40746422	40551569	40746422	22	40470910,40529810,40551557,40561321,40562433,40564150,40568413,40571287,40572359,40572852,40591022,40603460,40606004,40606589,40642384,40646991,40648572,40664069,40666397,40699939,40722801,40746372,	40471404,40530040,40551583,40561511,40562658,40564225,40568539,40571431,40572449,40572950,40591083,40603514,40606037,40606736,40642519,40647132,40648731,40664216,40666493,40700035,40722814,40746422,	0	ENSCSAG00000001470.1	cmpl	cmpl	-1,-1,0,2,0,0,0,0,0,0,2,0,0,0,0,0,0,0,0,0,0,1,
105	ENSCSAT00000017036.1	chr20	+	34302818	34419051	34302827	34416299	6	34302818,34350085,34353498,34386776,34394148,34416266,	34303064,34350218,34353749,34386953,34394268,34419051,	0	ENSCSAG00000001497.1	cmpl	cmpl	0,0,1,0,0,0,
104	ENSCSAT00000017023.1	chr20	-	32822745	32986718	32825029	32986230	16	32822745,32844082,32845131,32847325,32848438,32858803,32874318,32879636,32887158,32899891,32902728,32918320,32951701,32965024,32985336,32986181,	32825059,32844416,32845254,32847373,32848554,32858963,32874457,32879867,32887246,32899954,32902795,32918400,32951794,32965100,32985427,32986718,	0	ENSCSAG00000001510.1	cmpl	cmpl	0,2,2,2,0,2,1,1,0,0,2,0,0,2,1,0,
12	ENSCSAT00000017010.1	chr20	-	26112016	26275352	26112016	26275352	6	26112016,26157508,26163416,26186897,26199568,26274711,	26112246,26157643,26163584,26186924,26199741,26275352,	0	ENSCSAG00000001523.1	cmpl	incmpl	1,1,1,1,2,0,
88	ENSCSAT00000016828.1	chr20	-	16201780	16364962	16201780	16363968	13	16201780,16222832,16226067,16228747,16232380,16266885,16272622,16290772,16310847,16316669,16326085,16329348,16363666,	16201913,16222948,16226240,16228967,16232496,16266979,16272746,16290867,16310928,16316788,16326182,16329604,16364962,	0	ENSCSAG00000001702.1	cmpl	cmpl	2,0,1,0,1,0,2,0,0,1,0,2,0,
698	ENSCSAT00000016817.1	chr20	+	14818524	14871196	14818768	14868718	8	14818524,14820079,14825410,14827199,14828430,14839336,14854379,14867933,	14818802,14820293,14825512,14827371,14828598,14839401,14854477,14871196,	0	ENSCSAG00000001712.1	cmpl	cmpl	0,1,2,2,0,0,2,1,
1	ENSCSAT00000000042.1	chr20	+	8322503	8500129	8322602	8497594	27	8322503,8364862,8388528,8408544,8426460,8443089,8456249,8457816,8457975,8463991,8464324,8474307,8476974,8477311,8480362,8482144,8485710,8485847,8487408,8488837,8491057,8491588,8491842,8493199,8495636,8496862,8497502,	8323022,8369426,8388630,8409286,8426640,8443184,8456323,8457862,8458084,8464198,8464471,8474416,8477139,8477406,8480520,8482297,8485765,8485980,8487657,8488924,8491148,8491727,8492015,8493366,8495677,8497164,8500129,	0	ENSCSAG00000002027.1	cmpl	cmpl	0,0,1,1,2,2,1,0,1,2,2,2,0,0,2,1,1,2,0,0,0,1,2,1,0,2,1,
1052	ENSCSAT00000009036.1	chr25	-	61245561	61309881	61249562	61309245	6	61245561,61259195,61262004,61263190,61269098,61309154,	61249664,61259298,61262137,61263404,61269265,61309881,	0	ENSCSAG00000010949.1	cmpl	cmpl	0,2,1,0,1,0,
127	ENSCSAT00000009746.1	chr25	-	56746214	57285498	56746214	57285387	21	56746214,56765334,56766487,56774654,56836745,56894389,57009230,57045744,57046596,57057865,57071411,57086508,57090613,57092947,57097376,57101129,57101889,57142808,57144149,57205914,57285226,	56746284,56765571,56766714,56774819,56836857,56894499,57009344,57045774,57046648,57057936,57071498,57086647,57090681,57093083,57097519,57101290,57101988,57143012,57144299,57205988,57285498,	0	ENSCSAG00000011661.1	cmpl	cmpl	2,2,0,0,2,0,0,0,2,0,0,2,0,2,0,1,1,1,1,2,0,
1012	ENSCSAT00000009804.1	chr25	+	55974690	55997374	55974690	55994539	3	55974690,55992464,55994189,	55974843,55992513,55997374,	0	ENSCSAG00000011720.1	cmpl	cmpl	0,0,1,
86	ENSCSAT00000013654.1	chr25	-	14340122	14487420	14342232	14486966	7	14340122,14381537,14402450,14405267,14449271,14483589,14486965,	14342550,14381677,14402637,14405428,14449389,14483900,14487420,	0	ENSCSAG00000015559.1	cmpl	cmpl	0,1,0,1,0,1,0,
85	ENSCSAT00000013773.1	chr25	+	12866320	13090733	12866496	13087017	7	12866320,12912219,12938414,13026409,13030140,13074445,13086772,	12866552,12912635,12938531,13026520,13030302,13074715,13090733,	0	ENSCSAG00000015679.1	cmpl	cmpl	0,2,1,1,1,1,1,
142	ENSCSAT00000008139.1	chr25	-	72728007	72755706	72728007	72755706	2	72728007,72755607,	72728133,72755706,	0	ENSCSAG00000010055.1	incmpl	incmpl	0,0,
152	ENSCSAT00000007195.1	chr25	+	83595347	83706697	83595472	83704027	11	83595347,83629805,83659098,83669722,83671822,83672665,83680130,83680324,83685129,83697810,83703821,	83595604,83630235,83659304,83669753,83671909,83672780,83680152,83680421,83686001,83697946,83706697,	0	ENSCSAG00000009127.1	cmpl	cmpl	0,0,1,0,1,1,2,0,1,0,1,
1232	ENSCSAT00000007022.1	chr25	+	84842382	84865186	84845325	84861201	6	84842382,84845313,84849710,84852868,84852986,84860611,	84842422,84845409,84849941,84852891,84853087,84865186,	0	ENSCSAG00000008954.1	cmpl	cmpl	-1,0,0,0,2,1,
169	ENSCSAT00000005091.1	chr14	-	100778301	100798044	100780693	100797868	6	100778301,100782906,100786285,100789472,100793088,100797525,	100780858,100782939,100786435,100789702,100793250,100798044,	0	ENSCSAG00000007051.1	cmpl	cmpl	0,0,0,1,1,0,
1209	ENSCSAT00000006683.1	chr14	+	81850478	81914679	81850478	81914679	15	81850478,81850554,81851166,81858363,81885585,81893121,81894258,81896764,81897338,81897999,81900100,81900309,81902881,81906218,81912231,	81850533,81850581,81851336,81858514,81885686,81893248,81894402,81896816,81897391,81898005,81900125,81900434,81902987,81906936,81914679,	0	ENSCSAG00000008663.1	incmpl	cmpl	0,1,1,0,1,0,1,1,2,1,1,2,1,2,0,
1208	ENSCSAT00000006749.1	chr14	+	81666792	81717508	81667535	81715111	8	81666792,81693366,81694146,81695443,81698010,81714026,81714611,81715017,	81669089,81693468,81694269,81695562,81698127,81714135,81714784,81717508,	0	ENSCSAG00000008688.1	cmpl	cmpl	0,0,0,0,2,2,0,2,
1186	ENSCSAT00000008728.1	chr14	-	78804547	78852682	78804676	78852348	8	78804547,78810290,78815656,78820200,78822347,78825101,78827166,78852296,	78804781,78810425,78815808,78820272,78822452,78825332,78827298,78852682,	0	ENSCSAG00000010645.1	cmpl	cmpl	0,0,1,1,1,1,1,0,
1174	ENSCSAT00000009198.1	chr14	-	77280509	77306518	77280509	77306518	3	77280509,77303798,77306492,	77280695,77303901,77306518,	0	ENSCSAG00000011112.1	incmpl	cmpl	0,2,0,
146	ENSCSAT00000009212.1	chr14	-	76872888	77089486	76876431	76998043	7	76872888,76956285,76962138,76990293,76997878,77072786,77089404,	76876934,76956402,76962285,76990492,76998047,77072955,77089486,	0	ENSCSAG00000011124.1	cmpl	cmpl	1,1,1,0,0,-1,-1,
144	ENSCSAT00000009593.1	chr14	-	75343326	75429139	75346575	75428966	17	75343326,75348669,75351110,75352949,75354407,75362909,75363133,75363460,75368582,75370446,75381609,75381979,75382966,75391905,75402508,75404513,75428557,	75346698,75348710,75351181,75353029,75354450,75362989,75363225,75363536,75368654,75370521,75381703,75382113,75383154,75392001,75402592,75404600,75429139,	0	ENSCSAG00000011510.1	cmpl	cmpl	0,1,2,0,2,0,1,0,0,0,2,0,1,1,1,1,0,
131	ENSCSAT00000011451.1	chr14	-	61026016	61242343	61026016	61242343	13	61026016,61050636,61058940,61064886,61127076,61206991,61210128,61213135,61216229,61233354,61238358,61239768,61242182,	61026163,61050783,61059129,61065025,61127231,61207165,61210325,61213232,61216372,61233484,61238444,61239803,61242343,	0	ENSCSAG00000013435.1	cmpl	incmpl	0,0,0,2,0,0,1,0,1,0,1,2,0,
879	ENSCSAT00000012982.1	chr14	-	38540083	38636569	38540083	38636518	10	38540083,38549353,38569227,38577989,38584617,38591936,38592383,38601114,38614008,38636422,	38540286,38549400,38569353,38578345,38584799,38592069,38592531,38601287,38614080,38636569,	0	ENSCSAG00000014912.1	cmpl	cmpl	1,2,2,0,1,0,2,0,0,0,
109	ENSCSAT00000013063.1	chr14	-	37877435	38115938	37881139	38115569	18	37877435,37933485,37944557,37945338,37957286,37975368,38004925,38006486,38026146,38037947,38051125,38052948,38055471,38057332,38058328,38084313,38088952,38115417,	37881400,37933566,37944725,37945434,37957328,37975464,38005004,38006556,38026245,38038008,38051206,38053017,38055551,38057366,38058410,38084385,38089024,38115938,	0	ENSCSAG00000014972.1	cmpl	cmpl	0,0,0,0,0,0,2,1,1,0,0,0,1,0,2,2,2,0,
105	ENSCSAT00000013415.1	chr14	+	34095537	34221744	34095537	34221744	14	34095537,34110339,34127485,34145196,34145836,34148165,34166848,34167936,34169409,34179214,34195544,34198593,34205672,34221666,	34095642,34110408,34127563,34145223,34145891,34148191,34166902,34167993,34169475,34179305,34195660,34198679,34205790,34221744,	0	ENSCSAG00000015340.1	cmpl	cmpl	0,0,0,0,0,1,0,0,0,0,1,0,2,0,
104	ENSCSAT00000013611.1	chr14	-	33176038	33293906	33176038	33293110	12	33176038,33178600,33184509,33185498,33188443,33190396,33197609,33204834,33230870,33276527,33292807,33293823,	33177822,33178937,33184647,33185588,33188594,33190605,33197703,33204925,33233004,33276584,33293534,33293906,	0	ENSCSAG00000015514.1	cmpl	cmpl	1,0,0,0,2,0,2,1,0,0,0,-1,
741	ENSCSAT00000014442.1	chr14	+	20539286	20557849	20539886	20556766	3	20539286,20548061,20555190,	20540018,20548177,20557849,	0	ENSCSAG00000016352.1	cmpl	cmpl	0,0,2,
85	ENSCSAT00000015081.1	chr14	+	12871669	13030464	12871912	13027497	9	12871669,12896553,12923514,12944349,12956800,12961179,12973279,13015449,13027328,	12871957,12896649,12923868,12944453,12956971,12961433,12973599,13015781,13030464,	0	ENSCSAG00000016986.1	cmpl	cmpl	0,0,0,0,2,2,1,0,2,
84	ENSCSAT00000014624.1	chr10	+	12290936	12380363	12291043	12380345	24	12290936,12296419,12297949,12303810,12308313,12309158,12318226,12326278,12328806,12329186,12330389,12346974,12353550,12356950,12358471,12359531,12360828,12362309,12365195,12367351,12369563,12370987,12375425,12380291,	12291085,12296533,12298044,12303922,12308412,12309215,12318327,12326315,12328899,12329237,12330476,12347091,12353613,12357024,12358553,12359603,12360882,12362372,12365304,12367434,12369601,12371072,12375539,12380363,	0	ENSCSAG00000016529.1	cmpl	cmpl	0,0,0,2,0,0,0,2,0,0,0,0,0,0,2,0,0,0,0,1,0,2,0,0,
11	ENSCSAT00000014364.1	chr10	-	24032901	24145130	24034579	24145130	2	24032901,24145079,	24035323,24145130,	0	ENSCSAG00000016269.1	cmpl	cmpl	0,0,
111	ENSCSAT00000014066.1	chr10	+	40096526	40255646	40096526	40255646	3	40096526,40107375,40255062,	40097228,40107592,40255646,	0	ENSCSAG00000015970.1	cmpl	incmpl	0,0,1,
1175	ENSCSAT00000010124.1	chr10	-	77371173	77385159	77373072	77384213	2	77371173,77383730,	77373825,77385159,	0	ENSCSAG00000012033.1	cmpl	cmpl	0,0,
19	ENSCSAT00000009468.1	chr10	-	84761425	84954361	84764210	84949095	11	84761425,84800767,84817324,84822106,84841951,84861978,84873762,84875080,84926490,84948926,84953498,	84764672,84800965,84817480,84822319,84842424,84862081,84873886,84875207,84926667,84949154,84954361,	0	ENSCSAG00000011380.1	cmpl	cmpl	0,0,0,0,1,0,2,1,1,0,-1,
19	ENSCSAT00000008355.1	chr10	+	90857459	91389718	90857614	91389718	20	90857459,90867507,90880545,90885936,90888623,90891344,90892626,90924699,90943786,90948038,90957222,90964641,91013732,91070110,91071044,91172166,91211126,91270142,91324225,91389360,	90857617,90867593,90880632,90886062,90888982,90891484,90892755,90924885,90943957,90948171,90957322,90964757,91013777,91070317,91071282,91172277,91211429,91270278,91324305,91389718,	0	ENSCSAG00000010270.1	cmpl	cmpl	0,0,2,2,2,1,0,0,0,0,1,2,1,1,1,2,2,2,0,2,
1508	ENSCSAT00000004285.1	chr10	+	121054664	121073708	121054796	121073708	4	121054664,121060546,121072457,121073483,	121054914,121062906,121072646,121073708,	0	ENSCSAG00000006235.1	cmpl	cmpl	0,1,0,0,
115	ENSCSAT00000008871.1	chr22	-	44875291	44960089	44879508	44960016	13	44875291,44888659,44900953,44904470,44914431,44915868,44930109,44933805,44935757,44943204,44944805,44955285,44959965,	44879611,44888722,44901137,44904611,44914492,44915945,44930294,44933905,44936095,44943275,44944867,44955367,44960089,	0	ENSCSAG00000010783.1	cmpl	cmpl	2,2,1,1,0,1,2,1,2,0,1,0,0,
121	ENSCSAT00000007291.1	chr22	+	50746302	50870049	50746359	50867260	21	50746302,50754709,50796757,50814906,50815076,50832482,50832910,50833708,50835328,50835921,50842165,50845318,50851819,50853312,50856120,50856615,50857250,50858204,50860260,50866670,50867223,	50746372,50757341,50796890,50814965,50815107,50832643,50833067,50833796,50835379,50835980,50842237,50845387,50851903,50853392,50856220,50856753,50857380,50858335,50860389,50866828,50870049,	0	ENSCSAG00000009224.1	cmpl	cmpl	0,1,2,0,2,0,2,0,1,1,0,0,0,0,2,0,0,1,0,0,2,
1108	ENSCSAT00000007844.1	chr15	+	68632196	68665258	68632455	68665258	8	68632196,68641398,68642868,68646484,68649617,68652602,68655683,68665061,	68632471,68641665,68642957,68646629,68650246,68652788,68655894,68665258,	0	ENSCSAG00000009757.1	cmpl	cmpl	0,1,1,0,1,0,0,1,
619	ENSCSAT00000014807.1	chr22	-	4520288	4548334	4522153	4524146	3	4520288,4522598,4548197,	4522216,4524251,4548334,	0	ENSCSAG00000016711.1	cmpl	cmpl	0,0,-1,
629	ENSCSAT00000014749.1	chr22	+	5777589	5833400	5777589	5833400	10	5777589,5780572,5786968,5792782,5818648,5822161,5822504,5826183,5827027,5833159,	5777618,5780708,5787122,5793035,5818771,5822259,5822596,5826416,5827159,5833400,	0	ENSCSAG00000016664.1	cmpl	cmpl	0,2,0,1,2,2,1,0,2,2,
631	ENSCSAT00000014694.1	chr22	+	6127828	6136515	6127828	6136515	3	6127828,6129314,6135268,	6128020,6129459,6136515,	0	ENSCSAG00000016604.1	cmpl	cmpl	0,0,1,
1183	ENSCSAT00000004314.1	chr22	-	78406587	78445935	78406587	78445935	10	78406587,78407168,78413751,78415114,78419986,78421517,78426442,78427898,78431264,78445829,	78406763,78407198,78413860,78415286,78420067,78421615,78426515,78428080,78431485,78445935,	0	ENSCSAG00000006281.1	cmpl	cmpl	1,1,0,2,2,0,2,0,1,0,
144	ENSCSAT00000004336.1	chr22	+	74961858	75178548	74963273	75178548	19	74961858,74963259,74977421,75054929,75082111,75087658,75093520,75097744,75101798,75116191,75132452,75134157,75143036,75151144,75154801,75155009,75158241,75167547,75178288,	74962132,74963441,74977672,75055076,75082268,75087780,75093658,75097832,75101930,75116395,75132638,75134523,75143131,75151291,75154896,75155141,75158382,75167667,75178548,	0	ENSCSAG00000006301.1	cmpl	cmpl	-1,0,0,2,2,0,2,2,0,0,0,0,0,2,2,1,1,1,1,
112	ENSCSAT00000009594.1	chr15	+	41052613	41193268	41052616	41189703	6	41052613,41138060,41166578,41181438,41183287,41189518,	41053047,41138197,41166781,41181572,41183400,41193268,	0	ENSCSAG00000011508.1	cmpl	cmpl	0,2,1,0,2,1,
897	ENSCSAT00000009600.1	chr15	+	40952580	40966890	40952651	40963689	5	40952580,40952808,40953594,40954222,40963491,	40952718,40952886,40953677,40954396,40966890,	0	ENSCSAG00000011515.1	cmpl	cmpl	0,1,1,0,0,
856	ENSCSAT00000010072.1	chr15	-	35580713	35633914	35580713	35633439	20	35580713,35589062,35589472,35593177,35593349,35594970,35601520,35610594,35612026,35614757,35615643,35616889,35617092,35618951,35621013,35629639,35631453,35631684,35631878,35633297,	35580813,35589139,35589568,35593243,35593483,35595090,35601579,35610698,35612107,35614856,35615772,35616983,35617229,35619053,35621148,35629705,35631572,35631780,35631959,35633914,	0	ENSCSAG00000011987.1	cmpl	cmpl	2,0,0,0,1,1,2,0,0,0,0,2,0,0,0,0,1,1,1,0,
818	ENSCSAT00000018984.1	chr15	-	30608490	30609234	30608490	30609234	1	30608490,	30609234,	0	ENSCSAG00000018894.1	cmpl	cmpl	0,
89	ENSCSAT00000010888.1	chr15	-	17059958	17428339	17063362	17356117	26	17059958,17079422,17082091,17097705,17107517,17113252,17114192,17116395,17117549,17119436,17122972,17125249,17127152,17129906,17131550,17150009,17153359,17161828,17165103,17174867,17217184,17220973,17242066,17335715,17356006,17428188,	17063674,17079550,17082258,17097918,17107798,17113402,17114306,17116568,17117655,17119555,17123044,17125388,17127239,17130081,17131675,17150063,17153498,17161888,17165255,17174926,17217466,17221217,17242143,17335791,17356145,17428339,	0	ENSCSAG00000012797.1	cmpl	cmpl	0,1,2,2,0,0,0,1,0,1,1,0,0,2,0,0,2,2,0,1,1,0,1,0,0,-1,
77	ENSCSAT00000012067.1	chr15	+	4266929	4337613	4266929	4337613	2	4266929,4337059,	4267125,4337613,	0	ENSCSAG00000013974.1	cmpl	incmpl	0,1,
155	ENSCSAT00000007004.1	chr15	-	86891382	87009025	86892956	87009005	2	86891382,87008794,	86894221,87009025,	0	ENSCSAG00000008934.1	cmpl	cmpl	1,0,
1276	ENSCSAT00000006679.1	chr15	-	90629329	90647191	90634258	90647189	3	90629329,90640894,90646976,	90634444,90641251,90647191,	0	ENSCSAG00000008621.1	cmpl	incmpl	0,0,0,
113	ENSCSAT00000014211.1	chr27	-	42449618	42598391	42452362	42598248	9	42449618,42458297,42462422,42472890,42496922,42500168,42502726,42505308,42598178,	42452654,42458389,42462592,42473055,42497100,42500281,42502892,42505406,42598391,	0	ENSCSAG00000016118.1	cmpl	cmpl	2,0,1,1,0,1,0,1,0,
9	ENSCSAT00000015225.1	chr27	+	4133160	4219122	4133581	4219122	9	4133160,4162270,4175838,4192537,4194429,4203622,4203873,4208387,4218855,	4133685,4162419,4175906,4192758,4194512,4203760,4204026,4208602,4219122,	0	ENSCSAG00000017132.1	cmpl	cmpl	0,2,1,0,2,1,1,1,0,
88	ENSCSAT00000002990.1	chr7	-	16340606	16387995	16343001	16387756	13	16340606,16343315,16351021,16353498,16356091,16357115,16359118,16363994,16365896,16375605,16377020,16377266,16387669,	16343009,16343361,16351105,16353622,16356267,16357274,16359380,16364234,16365992,16375718,16377136,16377372,16387995,	0	ENSCSAG00000004960.1	cmpl	cmpl	1,0,0,2,0,0,2,2,2,0,1,0,0,
681	ENSCSAT00000003075.1	chr7	-	12585790	12664888	12594526	12664842	25	12585790,12594515,12598240,12599495,12601176,12607014,12607488,12609049,12610251,12619410,12619637,12626985,12633470,12637419,12638733,12642587,12646153,12648433,12651705,12653160,12656928,12659699,12662678,12663767,12664729,	12587655,12594629,12598345,12599698,12601386,12607200,12607599,12609218,12610307,12619565,12619753,12627137,12633548,12637572,12638886,12642811,12646292,12648499,12651921,12653289,12657013,12659841,12662846,12663958,12664888,	0	ENSCSAG00000005042.1	cmpl	cmpl	-1,2,2,0,0,0,0,2,0,1,2,0,0,0,0,1,0,0,0,0,2,1,1,2,0,
594	ENSCSAT00000003249.1	chr7	+	1207627	1217888	1207829	1217744	2	1207627,1217480,	1208351,1217888,	0	ENSCSAG00000005216.1	cmpl	cmpl	0,0,
729	ENSCSAT00000002911.1	chr7	+	18982102	18989955	18982102	18989955	2	18982102,18988875,	18982156,18989955,	0	ENSCSAG00000004879.1	cmpl	incmpl	0,0,
764	ENSCSAT00000002750.1	chr7	+	23471943	23582473	23472167	23578582	4	23471943,23548054,23568832,23578497,	23472210,23548780,23568911,23582473,	0	ENSCSAG00000004720.1	cmpl	cmpl	0,1,1,2,
768	ENSCSAT00000002745.1	chr7	-	23989744	24025437	23989744	24025011	9	23989744,23997356,23998381,23998494,23998659,24000855,24019501,24019862,24024921,	23989873,23997477,23998408,23998553,23998704,24000934,24019617,24019982,24025437,	0	ENSCSAG00000004717.1	cmpl	cmpl	0,2,2,0,0,2,0,0,0,
777	ENSCSAT00000002628.1	chr7	+	25215231	25283214	25215296	25279147	9	25215231,25230429,25238330,25248183,25253367,25255494,25258469,25271390,25278778,	25215376,25230561,25241508,25248257,25254249,25255983,25258620,25271663,25283214,	0	ENSCSAG00000004597.1	cmpl	cmpl	0,2,2,0,2,2,2,0,0,
778	ENSCSAT00000018117.1	chr7	-	25397384	25399766	25397384	25399766	1	25397384,	25399766,	0	ENSCSAG00000000418.1	cmpl	cmpl	0,
985	ENSCSAT00000002038.1	chr7	-	52527746	52550858	52531816	52550773	2	52527746,52550221,	52531861,52550858,	0	ENSCSAG00000004010.1	cmpl	cmpl	0,0,
131	ENSCSAT00000001830.1	chr7	+	60938522	61175519	60938785	61172078	49	60938522,60943960,60966813,60988178,60990849,61022155,61026339,61026947,61029811,61031434,61039162,61044809,61047122,61047385,61055254,61064977,61068386,61069004,61073217,61078217,61078994,61082983,61084006,61092973,61101121,61103914,61107583,61108394,61120110,61121837,61122919,61125381,61126127,61128517,61132351,61133680,61136557,61138993,61140991,61143731,61151459,61153995,61155699,61158190,61160153,61163756,61163951,61165436,61172063,	60938920,60944005,60966915,60988277,60990948,61022254,61026525,61026971,61029910,61031533,61039261,61045007,61047221,61047484,61055353,61065175,61068485,61069103,61073415,61078316,61079093,61083082,61084105,61093046,61101266,61103926,61107686,61108498,61120335,61121936,61123074,61125593,61126332,61128614,61132580,61133806,61136680,61139026,61141013,61149929,61151534,61154127,61155843,61158476,61160445,61163840,61164116,61165619,61175519,	0	ENSCSAG00000003803.1	cmpl	cmpl	0,0,0,0,0,0,0,0,0,0,0,0,0,0,0,0,0,0,0,0,0,0,0,0,1,2,2,0,2,2,2,1,0,1,2,0,0,0,0,1,1,1,1,1,2,0,0,0,0,
131	ENSCSAT00000001821.1	chr7	-	61712062	61786876	61712062	61786876	2	61712062,61786478,	61713461,61786876,	0	ENSCSAG00000003792.1	incmpl	cmpl	2,0,
142	ENSCSAT00000001661.1	chr7	+	72500263	72685546	72500263	72684418	17	72500263,72586915,72594888,72596446,72602879,72604443,72625301,72638843,72640983,72656136,72660312,72668415,72669392,72671997,72673774,72679683,72682550,	72504478,72587047,72595150,72596797,72603802,72604618,72625482,72639094,72645333,72656241,72660620,72668501,72669572,72672122,72673992,72679945,72685546,	0	ENSCSAG00000003634.1	cmpl	cmpl	0,0,0,1,1,0,1,2,1,1,1,0,2,2,1,0,1,
149	ENSCSAT00000001584.1	chr7	+	80184387	80225757	80185246	80225757	5	80184387,80189449,80190050,80198208,80225737,	80187877,80189508,80190157,80198514,80225757,	0	ENSCSAG00000003553.1	cmpl	cmpl	0,0,2,1,1,
169	ENSCSAT00000001304.1	chr7	-	100867863	101036304	100867863	101036304	8	100867863,100872665,100874103,100877052,100879436,100912142,100923300,101034267,	100867907,100872765,100874291,100878069,100879673,100912374,100923492,101036304,	0	ENSCSAG00000003278.1	cmpl	cmpl	1,0,1,1,1,0,0,0,
21	ENSCSAT00000001231.1	chr7	-	107857487	108645339	107860112	108593252	15	107857487,107928627,107932801,107954963,107974173,108009976,108014264,108066433,108128212,108234442,108254588,108397434,108514958,108593126,108644552,	107860815,107928752,107932909,107955113,107974292,108010111,108014426,108066554,108128379,108234563,108254785,108397683,108514989,108593268,108645339,	0	ENSCSAG00000003200.1	cmpl	cmpl	2,0,0,0,1,1,1,0,1,0,1,1,0,0,-1,
1471	ENSCSAT00000001141.1	chr7	-	116193728	116233704	116198566	116213502	3	116193728,116213204,116233645,	116199498,116213635,116233704,	0	ENSCSAG00000003111.1	cmpl	cmpl	1,0,-1,
1506	ENSCSAT00000001120.1	chr7	-	120739920	120804796	120740129	120804783	5	120739920,120755459,120774478,120780083,120804746,	120740408,120755603,120774693,120780221,120804796,	0	ENSCSAG00000003089.1	cmpl	cmpl	0,0,1,1,0,
197	ENSCSAT00000001038.1	chr7	-	130060650	130182624	130060650	130182537	8	130060650,130066841,130082139,130086249,130087146,130095843,130123517,130182296,	130060856,130066965,130082277,130086429,130087288,130095955,130123697,130182624,	0	ENSCSAG00000003012.1	cmpl	cmpl	1,0,0,0,2,1,1,0,
78	ENSCSAT00000015434.1	chr4	+	6136036	6178048	6136233	6178048	2	6136036,6177916,	6137019,6178048,	0	ENSCSAG00000017341.1	cmpl	cmpl	0,0,
104	ENSCSAT00000015253.1	chr4	-	32757683	33129059	32761391	33128791	24	32757683,32767612,32777958,32781239,32792914,32801793,32814635,32821694,32840467,32842004,32850646,32858480,32865608,32869862,32871427,32876842,32877567,32886152,32889842,32912819,32913963,32982342,33117276,33128664,	32761570,32767772,32778102,32781416,32793067,32802912,32814846,32821821,32840606,32842249,32850767,32858614,32865778,32870008,32871520,32876987,32877711,32886302,32889967,32912903,32914160,32982487,33117638,33129059,	0	ENSCSAG00000017158.1	cmpl	cmpl	1,0,0,0,0,0,2,1,0,1,0,1,2,0,0,2,2,2,0,0,1,0,1,0,
907	ENSCSAT00000014856.1	chr4	-	42223683	42271263	42225564	42234836	6	42223683,42225563,42225722,42234524,42268180,42271085,	42224518,42225614,42225900,42234910,42268236,42271263,	0	ENSCSAG00000016759.1	cmpl	cmpl	-1,1,0,0,-1,-1,
972	ENSCSAT00000014700.1	chr4	+	50782928	50811253	50783117	50807779	2	50782928,50807525,	50784738,50811253,	0	ENSCSAG00000016605.1	cmpl	cmpl	0,1,
130	ENSCSAT00000014085.1	chr4	+	60340803	60557227	60341070	60552882	7	60340803,60376606,60387879,60389357,60500035,60518866,60552682,	60341250,60376741,60387975,60390317,60500261,60518992,60557227,	0	ENSCSAG00000015992.1	cmpl	cmpl	0,0,0,0,0,1,1,
131	ENSCSAT00000014056.1	chr4	-	61338928	61400815	61342544	61400815	7	61338928,61355582,61358820,61374552,61383326,61400018,61400768,	61342654,61355739,61358997,61374757,61383456,61400107,61400815,	0	ENSCSAG00000015963.1	cmpl	cmpl	1,0,0,2,1,2,0,
143	ENSCSAT00000013323.1	chr4	-	73589494	73728353	73594026	73728353	9	73589494,73614140,73614831,73618888,73653558,73661623,73665598,73671517,73728348,	73594215,73614221,73614942,73619045,73653698,73661716,73665730,73671674,73728353,	0	ENSCSAG00000015226.1	cmpl	cmpl	0,0,0,2,0,0,0,2,0,
1173	ENSCSAT00000013004.1	chr4	-	77156042	77182699	77160675	77182571	4	77156042,77167229,77170339,77182568,	77160746,77167264,77170449,77182699,	0	ENSCSAG00000014909.1	cmpl	cmpl	1,2,0,0,
147	ENSCSAT00000012923.1	chr4	-	78047502	78491075	78050612	78490725	11	78047502,78070484,78164293,78168709,78170489,78208677,78239708,78283395,78330104,78353637,78490658,	78050762,78070640,78164478,78168854,78170645,78208859,78239822,78283524,78330134,78353766,78491075,	0	ENSCSAG00000014835.1	cmpl	cmpl	0,0,1,0,0,1,1,1,1,1,0,
75	ENSCSAT00000013444.1	chr23	+	2341855	2369294	2341855	2365495	4	2341855,2345152,2351203,2364826,	2341860,2345406,2351712,2369294,	0	ENSCSAG00000015350.1	cmpl	cmpl	0,2,1,0,
79	ENSCSAT00000013255.1	chr23	-	6526424	6563044	6528816	6550537	8	6526424,6538440,6539208,6539484,6546370,6548573,6550398,6562239,	6529091,6538726,6539385,6539676,6546676,6548767,6550544,6563044,	0	ENSCSAG00000015159.1	cmpl	cmpl	1,0,0,0,0,1,0,-1,
917	ENSCSAT00000010630.1	chr23	+	43598147	43638473	43598147	43638473	4	43598147,43610264,43612244,43638162,	43600712,43610323,43612333,43638473,	0	ENSCSAG00000012587.1	cmpl	cmpl	0,0,2,1,
133	ENSCSAT00000008430.1	chr23	-	63637108	63893370	63637108	63893060	9	63637108,63674330,63677882,63679763,63755477,63805213,63891637,63892740,63892983,	63637456,63674575,63678035,63679901,63755560,63805434,63891705,63892832,63893370,	0	ENSCSAG00000010344.1	cmpl	cmpl	0,1,1,1,2,0,1,2,0,
148	ENSCSAT00000006994.1	chr23	+	79141113	79304820	79143390	79304820	24	79141113,79143306,79144160,79199673,79212937,79218587,79243987,79247354,79248866,79252487,79254820,79256323,79259605,79265056,79267768,79277128,79278947,79283348,79290225,79292115,79293426,79298154,79301341,79303192,	79141379,79143420,79144250,79199809,79213110,79221144,79244112,79247625,79248976,79252563,79254939,79256467,79259729,79265257,79267948,79277285,79279153,79283461,79290495,79292232,79293568,79298261,79301546,79304820,	0	ENSCSAG00000008928.1	cmpl	cmpl	-1,0,0,0,1,0,1,0,1,0,1,0,0,1,1,1,2,1,0,0,0,1,0,1,
150	ENSCSAT00000006524.1	chr23	-	80852330	81080218	80855603	81080029	21	80852330,80863800,80864811,80867198,80868226,80870170,80872405,80874639,80875184,80878113,80880003,80882110,80895555,80896917,80897471,80898220,80902139,80922324,80949414,81013929,81079903,	80856061,80863890,80864941,80867406,80868359,80870330,80872572,80874720,80875308,80878247,80880179,80882256,80895669,80897050,80897615,80898326,80902296,80922408,80949617,81014083,81080218,	0	ENSCSAG00000008473.1	cmpl	cmpl	1,1,0,2,1,0,1,1,0,1,2,0,0,2,2,1,0,0,1,0,0,
1	ENSCSAT00000005575.1	chr17	+	58660418	58783663	58661047	58783663	2	58660418,58782743,	58661300,58783663,	0	ENSCSAG00000007527.1	cmpl	cmpl	0,1,
1003	ENSCSAT00000005644.1	chr17	-	54853760	54866058	54855538	54865452	4	54853760,54862289,54864122,54865284,	54855902,54862344,54864246,54866058,	0	ENSCSAG00000007599.1	cmpl	cmpl	2,1,0,0,
117	ENSCSAT00000005945.1	chr17	-	46268288	46292092	46270897	46287940	7	46268288,46281346,46281555,46282518,46285208,46287529,46291888,	46271421,46281459,46281578,46282749,46285304,46287970,46292092,	0	ENSCSAG00000007893.1	cmpl	cmpl	1,2,0,0,0,0,-1,
850	ENSCSAT00000008561.1	chr17	-	34751944	34787632	34754661	34787488	8	34751944,34762576,34765738,34768052,34771206,34773560,34782259,34787377,	34754678,34762781,34765846,34768142,34771269,34774295,34782388,34787632,	0	ENSCSAG00000010478.1	cmpl	cmpl	1,0,0,0,0,0,0,0,
12	ENSCSAT00000010564.1	chr17	+	27106231	27361706	27191430	27358900	9	27106231,27191358,27194894,27204130,27251296,27258215,27259408,27280062,27358858,	27106373,27191445,27194985,27204270,27251372,27258328,27259516,27280173,27361706,	0	ENSCSAG00000012475.1	cmpl	cmpl	-1,0,0,1,0,1,0,0,0,
96	ENSCSAT00000010732.1	chr17	-	24663871	24815829	24667153	24815321	18	24663871,24681528,24685140,24686391,24688140,24694973,24698398,24712691,24713863,24715265,24717666,24718174,24720501,24741157,24751549,24762358,24790762,24815317,	24667195,24681592,24685322,24686493,24688253,24695116,24698564,24712754,24713900,24715370,24717761,24718253,24720689,24741278,24751650,24762512,24790923,24815829,	0	ENSCSAG00000012642.1	cmpl	cmpl	0,2,0,0,1,2,1,1,0,0,1,0,1,0,1,0,1,0,
711	ENSCSAT00000011298.1	chr17	-	16582781	16601534	16585857	16601492	3	16582781,16600244,16601342,	16588159,16600369,16601534,	0	ENSCSAG00000013206.1	cmpl	cmpl	2,0,0,
75	ENSCSAT00000015543.1	chr13	+	2405698	2619081	2405698	2618586	4	2405698,2451937,2528166,2618316,	2405930,2452473,2528298,2619081,	0	ENSCSAG00000017449.1	cmpl	cmpl	0,1,0,0,
138	ENSCSAT00000012805.1	chr13	+	68668320	68707885	68671898	68703993	8	68668320,68671887,68676200,68679815,68680739,68688251,68689283,68703868,	68668448,68672124,68676325,68680003,68680848,68688419,68689425,68707885,	0	ENSCSAG00000014711.1	cmpl	cmpl	-1,0,1,0,2,0,0,1,
136	ENSCSAT00000012973.1	chr13	+	66405520	66704696	66406125	66702496	8	66405520,66520701,66583340,66610773,66649345,66651121,66668093,66702337,	66406421,66520836,66583539,66610845,66649519,66651253,66668126,66704696,	0	ENSCSAG00000014881.1	cmpl	cmpl	0,2,2,0,0,0,0,0,
125	ENSCSAT00000014173.1	chr13	+	54945785	55070328	54948912	55068522	13	54945785,54948897,54956884,54959186,54963502,54967914,54969601,55031080,55054070,55055220,55056481,55057158,55067054,	54945948,54949216,54957201,54959268,54963703,54968040,54969721,55031255,55054273,55055424,55056564,55057304,55070328,	0	ENSCSAG00000016078.1	cmpl	cmpl	-1,0,1,0,1,1,1,1,2,1,1,0,2,
984	ENSCSAT00000014309.1	chr13	-	52396108	52410339	52398065	52399355	3	52396108,52398713,52410150,	52398572,52399371,52410339,	0	ENSCSAG00000016217.1	cmpl	cmpl	0,0,-1,
113	ENSCSAT00000014728.1	chr13	-	42270158	42418115	42271976	42417927	8	42270158,42329739,42348103,42384296,42388279,42397665,42413739,42417908,	42272173,42329887,42348216,42384457,42388416,42397805,42413871,42418115,	0	ENSCSAG00000016634.1	cmpl	cmpl	1,0,1,2,0,1,1,0,
100	ENSCSAT00000015198.1	chr13	-	28354587	28944119	28356810	28944027	74	28354587,28361057,28367176,28368747,28371471,28372073,28380074,28381007,28381297,28387923,28406265,28411910,28417689,28422417,28431771,28439530,28441913,28456315,28459511,28462372,28465926,28484472,28520233,28545856,28652299,28672413,28674797,28678948,28681144,28688308,28692133,28694253,28699042,28701565,28709657,28710679,28715873,28716437,28718006,28718793,28721780,28733758,28739175,28741537,28742434,28743789,28744924,28747095,28750015,28752674,28757934,28758875,28769332,28770872,28772767,28773110,28778288,28781733,28786291,28787298,28787760,28790826,28795364,28796966,28798099,28799667,28804532,28805387,28807872,28810253,28810715,28812375,28831927,28943948,	28356819,28361080,28367269,28368859,28371712,28372232,28380140,28381073,28381336,28388060,28406377,28412077,28417847,28422503,28431973,28439605,28441975,28456376,28459590,28462519,28466195,28484602,28520390,28546029,28652489,28672568,28675003,28679066,28681359,28688384,28692283,28694389,28699218,28701716,28709830,28710871,28716011,28716599,28718177,28718922,28721960,28733929,28739331,28741711,28742563,28743951,28745074,28747230,28750195,28752845,28758090,28758989,28769545,28771018,28772948,28773352,28778376,28781857,28786461,28787478,28787868,28790928,28795484,28797117,28798281,28799871,28804693,28805503,28808045,28810346,28810793,28812468,28831989,28944119,	0	ENSCSAG00000017106.1	cmpl	cmpl	0,1,1,0,2,2,2,2,2,0,2,0,1,2,1,1,2,1,0,0,1,0,2,0,2,0,1,0,1,0,0,2,0,2,0,0,0,0,0,0,0,0,0,0,0,0,0,0,0,0,0,0,0,1,0,1,0,2,0,0,0,0,0,2,0,0,1,2,0,0,0,0,1,0,
94	ENSCSAT00000015291.1	chr13	-	22597972	22739280	22597972	22739280	6	22597972,22651238,22653458,22711954,22727212,22739121,	22598256,22651396,22653556,22712108,22727292,22739280,	0	ENSCSAG00000017203.1	cmpl	incmpl	1,2,0,2,0,0,
94	ENSCSAT00000015307.1	chr13	-	22234011	22282562	22236640	22282473	6	22234011,22247945,22249116,22249420,22273254,22282371,	22236783,22248026,22249210,22249581,22274755,22282562,	0	ENSCSAG00000017214.1	cmpl	cmpl	1,1,0,1,0,0,
18	ENSCSAT00000011548.1	chr13	-	81691774	81882740	81691774	81796718	12	81691774,81699956,81731186,81743959,81745400,81752486,81754073,81777319,81778159,81796682,81820267,81882677,	81691987,81700150,81731559,81744042,81745459,81752558,81754147,81777489,81778196,81796735,81820311,81882740,	0	ENSCSAG00000013457.1	cmpl	cmpl	0,1,0,1,2,2,0,1,0,0,-1,-1,
88	ENSCSAT00000015786.1	chr28	+	15852690	15867303	15852690	15865429	5	15852690,15853244,15854105,15854756,15863111,	15853045,15853360,15854232,15854870,15867303,	0	ENSCSAG00000017690.1	cmpl	cmpl	0,1,0,1,1,
1	ENSCSAT00000011509.1	chr21	+	41691911	42010301	41692042	42008288	10	41691911,41707338,41731169,41800080,41807382,41829859,41847984,41848520,41883629,42008183,	41692122,41707615,41731319,41800185,41807428,41829957,41848077,41848613,41883761,42010301,	0	ENSCSAG00000013420.1	cmpl	cmpl	0,2,0,0,0,1,0,0,0,0,
108	ENSCSAT00000011709.1	chr21	-	36747895	36831953	36752092	36831839	5	36747895,36780716,36785500,36829561,36831611,	36752340,36780916,36785729,36831116,36831953,	0	ENSCSAG00000013609.1	cmpl	cmpl	1,2,1,0,0,
96	ENSCSAT00000012991.1	chr21	-	24255865	24500720	24257084	24500641	15	24255865,24267029,24324093,24331076,24348260,24352189,24355042,24358376,24364024,24431476,24435845,24439386,24468445,24499358,24500508,	24257266,24267160,24324430,24331406,24348306,24352294,24355183,24358486,24364124,24431559,24435936,24439469,24468545,24499444,24500720,	0	ENSCSAG00000014898.1	cmpl	cmpl	1,2,1,1,0,0,0,1,0,1,0,1,0,1,0,
74	ENSCSAT00000016385.1	chr28	+	1826384	1864827	1826384	1862392	5	1826384,1840794,1843363,1855598,1862242,	1826516,1840893,1843458,1855656,1864827,	0	ENSCSAG00000018288.1	incmpl	cmpl	0,0,0,2,0,
10	ENSCSAT00000016230.1	chr28	-	10462858	10494457	10465785	10494288	2	10462858,10494201,	10466442,10494457,	0	ENSCSAG00000018132.1	cmpl	cmpl	0,0,
127	ENSCSAT00000010624.1	chr21	-	56890182	57061232	56890182	57061015	51	56890182,56891720,56892761,56894431,56896965,56898677,56899883,56901871,56902291,56902728,56904502,56906362,56910144,56913537,56914259,56915005,56915242,56916317,56917313,56919952,56922224,56923300,56930265,56931030,56934670,56936065,56937989,56939013,56940060,56948466,56956193,56958906,56959473,56960759,56962883,56973280,56974895,56980159,56980795,56986353,56987188,56989161,56990519,56999352,57006728,57007740,57009462,57010304,57022881,57029277,57060967,	56890220,56891860,56892891,56894517,56897198,56898878,56900066,56901977,56902500,56903397,56904653,56906582,56910289,56913726,56914451,56915127,56915306,56916803,56917454,56921026,56922404,56923453,56930370,56931207,56934790,56936298,56938028,56939226,56940223,56948699,56956399,56959010,56959614,56960984,56963240,56973373,56974992,56980358,56980910,56986439,56987327,56989241,56990733,57001740,57006926,57007896,57009633,57010358,57022926,57029535,57061232,	0	ENSCSAG00000012537.1	cmpl	cmpl	1,2,1,2,0,0,0,2,0,0,2,1,0,0,0,1,0,0,0,0,0,0,0,0,0,1,1,1,0,1,2,0,0,0,0,0,2,1,0,1,0,1,0,0,0,0,0,0,0,0,0,
685	ENSCSAT00000015923.1	chr28	+	13165001	13195800	13165462	13193043	6	13165001,13175131,13175954,13181163,13181447,13192459,	13165855,13175227,13176185,13181186,13181545,13195800,	0	ENSCSAG00000017827.1	cmpl	cmpl	0,0,0,0,2,1,
1235	ENSCSAT00000009017.1	chr21	+	85197536	85206588	85197621	85204109	3	85197536,85198099,85203958,	85197771,85198287,85206588,	0	ENSCSAG00000010925.1	cmpl	cmpl	0,0,2,
19	ENSCSAT00000008868.1	chr21	+	89092905	89133507	89092905	89132490	2	89092905,89132435,	89094020,89133507,	0	ENSCSAG00000010780.1	cmpl	cmpl	0,2,
1298	ENSCSAT00000008334.1	chr21	-	93486701	93507056	93487706	93506278	2	93486701,93505255,	93488525,93507056,	0	ENSCSAG00000010249.1	cmpl	cmpl	0,0,
166	ENSCSAT00000007972.1	chr21	+	98268394	98377096	98276459	98375214	11	98268394,98276453,98289072,98294948,98307766,98326577,98327861,98328967,98336717,98347114,98375050,	98268856,98276682,98289187,98295075,98307907,98326736,98328059,98329069,98336875,98347239,98377096,	0	ENSCSAG00000009893.1	cmpl	cmpl	-1,0,1,2,0,0,0,0,0,2,1,
1383	ENSCSAT00000006970.1	chr21	-	104605591	104657866	104609104	104657405	4	104605591,104629706,104630618,104657333,	104609191,104629790,104630732,104657866,	0	ENSCSAG00000008898.1	cmpl	cmpl	0,0,0,0,
1482	ENSCSAT00000005060.1	chr21	-	117673144	117683891	117674147	117683450	3	117673144,117680697,117683401,	117676102,117680856,117683891,	0	ENSCSAG00000007020.1	cmpl	cmpl	1,1,0,
1525	ENSCSAT00000004554.1	chr21	+	123229815	123241481	123229815	123241481	2	123229815,123241148,	123230556,123241481,	0	ENSCSAG00000006516.1	cmpl	cmpl	0,0,
9	ENSCSAT00000015096.1	chr8	+	6190046	6425131	6190357	6425131	14	6190046,6192994,6198522,6215138,6219691,6221982,6225135,6227497,6238207,6259621,6262683,6281519,6403753,6425075,	6190379,6193086,6198641,6215226,6219806,6222126,6225225,6228673,6238317,6259659,6262846,6281597,6403991,6425131,	0	ENSCSAG00000017002.1	cmpl	cmpl	0,1,0,2,0,1,1,1,1,0,2,0,0,1,
82	ENSCSAT00000014954.1	chr8	+	10159420	10268323	10159498	10265634	3	10159420,10254822,10265600,	10162496,10254949,10268323,	0	ENSCSAG00000016857.1	cmpl	cmpl	0,1,2,
10	ENSCSAT00000014968.1	chr8	-	9305871	9524104	9305871	9523664	27	9305871,9309428,9311917,9312545,9319897,9321389,9322935,9331749,9332524,9336165,9345370,9345771,9347429,9350160,9354456,9360867,9371251,9371421,9372962,9377606,9378346,9379837,9403631,9404449,9461281,9497734,9522991,	9305958,9309585,9312104,9312651,9319972,9321487,9323056,9331832,9332762,9336354,9345480,9345991,9347595,9350306,9354536,9361039,9371330,9371513,9373084,9377793,9378413,9379932,9403707,9404486,9461377,9497959,9524104,	0	ENSCSAG00000016874.1	cmpl	cmpl	0,2,1,0,0,1,0,1,0,0,1,0,2,0,1,0,2,0,1,0,2,0,2,1,1,1,0,
647	ENSCSAT00000014996.1	chr8	+	8172081	8204775	8172085	8202167	2	8172081,8201202,	8172269,8204775,	0	ENSCSAG00000016899.1	cmpl	cmpl	0,1,
643	ENSCSAT00000015013.1	chr8	+	7666431	7689746	7666897	7686720	2	7666431,7686456,	7667278,7689746,	0	ENSCSAG00000016918.1	cmpl	cmpl	0,0,
705	ENSCSAT00000014842.1	chr8	-	15741293	15853293	15741293	15853139	14	15741293,15742340,15745154,15748534,15748777,15749907,15751204,15770229,15779767,15808177,15810728,15818869,15840928,15851045,	15741507,15742438,15745271,15748630,15748851,15750013,15751407,15770296,15779982,15808216,15810863,15819031,15841124,15853293,	0	ENSCSAG00000016743.1	cmpl	cmpl	2,0,0,0,1,0,1,0,1,1,1,1,0,0,
97	ENSCSAT00000014049.1	chr8	-	25975121	26097102	25977380	26092077	9	25975121,25982630,26007777,26010555,26013069,26025751,26070953,26091965,26096699,	25977517,25982828,26007834,26010654,26013150,26026426,26071082,26092092,26097102,	0	ENSCSAG00000015956.1	cmpl	cmpl	1,1,1,1,1,1,1,0,-1,
1035	ENSCSAT00000012377.1	chr8	+	59046139	59090425	59046729	59085953	5	59046139,59047234,59053146,59062022,59085929,	59046753,59047259,59053232,59063621,59090425,	0	ENSCSAG00000014280.1	cmpl	cmpl	0,0,1,0,0,
136	ENSCSAT00000011913.1	chr8	+	66441549	66463496	66441824	66463433	2	66441549,66462804,	66442005,66463496,	0	ENSCSAG00000013824.1	cmpl	cmpl	0,1,
166	ENSCSAT00000010006.1	chr8	+	98001431	98082132	98001735	98082132	3	98001431,98065436,98082021,	98001895,98065603,98082132,	0	ENSCSAG00000011912.1	cmpl	cmpl	0,1,0,
194	ENSCSAT00000007997.1	chr8	-	127008618	127103300	127010730	127103224	12	127008618,127022217,127046579,127047716,127051451,127056928,127059614,127066368,127071724,127084469,127088982,127103214,	127010905,127022303,127046675,127047786,127051511,127057006,127059797,127066592,127071897,127084547,127089150,127103300,	0	ENSCSAG00000009917.1	cmpl	cmpl	2,0,0,2,2,2,2,0,1,1,1,0,
205	ENSCSAT00000006275.1	chr8	-	138913807	138953862	138917755	138953153	4	138913807,138952096,138952630,138953120,	138919494,138952210,138952760,138953862,	0	ENSCSAG00000008222.1	cmpl	cmpl	1,1,0,0,
123	ENSCSAT00000007880.1	chr12	+	52526980	52725710	52600558	52725710	4	52526980,52600360,52697759,52725680,	52527149,52600976,52697962,52725710,	0	ENSCSAG00000009793.1	cmpl	cmpl	-1,0,1,0,
1206	ENSCSAT00000006408.1	chr12	-	81454393	81480094	81454393	81480094	2	81454393,81479589,	81454623,81480094,	0	ENSCSAG00000008358.1	cmpl	cmpl	1,0,
18	ENSCSAT00000006371.1	chr12	-	81609228	81925984	81609228	81919542	26	81609228,81610919,81622441,81625744,81626060,81663690,81671270,81676157,81683241,81688532,81691483,81692661,81693827,81697778,81707750,81711616,81713162,81754926,81818703,81842164,81884726,81899527,81902895,81919539,81921065,81925761,	81609251,81611203,81622574,81625944,81626211,81663865,81671522,81676286,81683382,81688700,81691712,81692951,81693857,81697919,81707801,81711751,81713263,81754999,81818827,81842339,81884898,81899652,81903109,81919744,81921145,81925984,	0	ENSCSAG00000008347.1	cmpl	cmpl	1,2,1,2,1,0,0,0,0,0,2,0,0,0,0,0,1,0,2,1,0,1,0,0,-1,-1,
164	ENSCSAT00000005525.1	chr12	+	95479446	95620364	95479818	95620364	12	95479446,95510994,95511183,95517143,95519915,95532714,95533390,95536768,95551117,95554199,95561318,95620326,	95480030,95511069,95511255,95517212,95520070,95532851,95533523,95537074,95551153,95554300,95561418,95620364,	0	ENSCSAG00000007484.1	cmpl	cmpl	0,2,2,2,2,1,0,1,1,1,0,1,
167	ENSCSAT00000005381.1	chr12	+	98913797	98960934	98913955	98960934	5	98913797,98933849,98947436,98953289,98960734,	98914007,98933898,98947690,98953523,98960934,	0	ENSCSAG00000007339.1	cmpl	cmpl	0,1,2,1,1,
169	ENSCSAT00000005323.1	chr12	+	101260060	101349856	101295661	101347210	14	101260060,101295620,101297195,101312595,101314997,101315456,101317549,101325627,101326094,101329005,101330193,101339502,101340289,101347137,	101260138,101296078,101297356,101312734,101315076,101315506,101317618,101325715,101326272,101329215,101330383,101339643,101340402,101349856,	0	ENSCSAG00000007280.1	cmpl	cmpl	-1,0,0,2,0,1,0,0,1,2,2,0,0,2,
1385	ENSCSAT00000005019.1	chr12	-	104904136	104939414	104907710	104939144	5	104904136,104917370,104917752,104936350,104939123,	104910031,104917463,104917879,104936395,104939414,	0	ENSCSAG00000006974.1	cmpl	cmpl	1,1,0,0,0,
1398	ENSCSAT00000004757.1	chr12	+	106572014	106633316	106572080	106633316	14	106572014,106573411,106574040,106576139,106586773,106596098,106598854,106603457,106603840,106614073,106614378,106615184,106627328,106633279,	106572129,106573502,106574116,106576232,106586850,106596165,106598917,106603545,106604071,106614212,106614538,106615282,106627445,106633316,	0	ENSCSAG00000006736.1	cmpl	cmpl	0,1,2,0,0,2,0,0,1,1,2,0,2,2,
110	ENSCSAT00000009175.1	chr12	-	39567851	39606837	39571136	39606796	7	39567851,39585945,39588722,39600114,39600749,39604588,39606765,	39571384,39586124,39588922,39600287,39600879,39605541,39606837,	0	ENSCSAG00000011090.1	cmpl	cmpl	1,2,0,1,0,1,0,
101	ENSCSAT00000009851.1	chr12	-	29371208	29604909	29375710	29594034	7	29371208,29382001,29387911,29405364,29525738,29593349,29604632,	29375809,29382040,29388090,29407792,29525824,29594045,29604909,	0	ENSCSAG00000011760.1	cmpl	cmpl	0,0,1,0,1,0,-1,
655	ENSCSAT00000012550.1	chr12	-	9234737	9272565	9239385	9249620	4	9234737,9247463,9268625,9272503,	9239661,9249628,9268732,9272565,	0	ENSCSAG00000014458.1	cmpl	cmpl	0,0,-1,-1,
645	ENSCSAT00000012811.1	chr12	-	7909845	7929589	7921664	7929576	6	7909845,7921647,7924511,7924935,7927526,7929390,	7914805,7921763,7924589,7925024,7927605,7929589,	0	ENSCSAG00000014716.1	cmpl	cmpl	-1,0,0,1,0,0,
637	ENSCSAT00000012924.1	chr12	+	6863188	6881991	6863758	6879239	2	6863188,6878710,	6864081,6881991,	0	ENSCSAG00000014833.1	cmpl	cmpl	0,2,
633	ENSCSAT00000011627.1	chr9	+	6332569	6354932	6332610	6352133	15	6332569,6334181,6335033,6335613,6336052,6338487,6339582,6340301,6340541,6341741,6342842,6343033,6345121,6347114,6352126,	6332695,6334278,6335100,6335688,6336109,6338612,6339790,6340448,6340646,6341871,6342905,6343098,6345295,6347137,6354932,	0	ENSCSAG00000013532.1	cmpl	cmpl	0,1,2,0,0,0,2,0,0,0,1,1,0,0,2,
9	ENSCSAT00000011582.1	chr9	-	7226294	7445892	7226297	7445892	20	7226294,7233551,7234486,7235085,7238552,7251120,7259991,7263461,7265498,7268844,7284081,7291195,7306417,7311415,7339860,7347230,7349241,7431344,7434297,7445792,	7226435,7233680,7234750,7235252,7238728,7251230,7260131,7263532,7265541,7268958,7284208,7291278,7306565,7311517,7339958,7347477,7349330,7431585,7434392,7445892,	0	ENSCSAG00000013499.1	incmpl	cmpl	0,0,0,1,2,0,1,2,1,1,0,1,0,0,1,0,1,0,1,0,
10	ENSCSAT00000011482.1	chr9	-	11514089	11670301	11518153	11656721	15	11514089,11539021,11542114,11542312,11542962,11546277,11548004,11550249,11561150,11569370,11578388,11584990,11587083,11656717,11670082,	11519562,11539174,11542214,11542378,11543057,11546398,11548053,11550359,11561258,11569451,11578428,11585073,11587151,11656804,11670301,	0	ENSCSAG00000013395.1	cmpl	cmpl	1,1,0,0,1,0,2,0,0,0,2,0,1,0,-1,
85	ENSCSAT00000011313.1	chr9	-	12940633	13042127	12942421	13041949	3	12940633,13038647,13041815,	12942685,13038822,13042127,	0	ENSCSAG00000013223.1	cmpl	cmpl	0,2,0,
88	ENSCSAT00000010857.1	chr9	-	16535572	16768593	16539756	16768166	9	16535572,16645108,16704869,16705254,16707195,16717319,16735726,16768057,16768407,	16539859,16645241,16704984,16705337,16707314,16717440,16735777,16768169,16768593,	0	ENSCSAG00000012762.1	cmpl	cmpl	2,1,0,1,2,1,1,0,-1,
12	ENSCSAT00000009836.1	chr9	-	27227973	27298267	27230387	27298151	5	27227973,27230679,27291071,27291835,27298043,	27230574,27230713,27291407,27291989,27298267,	0	ENSCSAG00000011743.1	cmpl	cmpl	2,1,1,0,0,
1	ENSCSAT00000009473.1	chr9	-	33396245	33803997	33398332	33755234	23	33396245,33406657,33418761,33557485,33572289,33604774,33618944,33624042,33625106,33629300,33635595,33645176,33646143,33659465,33661858,33664963,33669341,33670862,33685027,33687487,33735320,33755057,33803748,	33398726,33406785,33418882,33557728,33572400,33605006,33619172,33624087,33625258,33629490,33635746,33645347,33646332,33659504,33661987,33665103,33669724,33670988,33685111,33687579,33735452,33755236,33803997,	0	ENSCSAG00000011392.1	cmpl	cmpl	2,0,2,2,2,1,1,1,2,1,0,0,0,0,0,1,2,2,2,0,0,0,-1,
881	ENSCSAT00000009049.1	chr9	+	38807262	38853707	38824103	38851454	8	38807262,38823840,38827599,38829375,38832739,38835903,38844978,38851161,	38807328,38824764,38827816,38829477,38832918,38835998,38845060,38853707,	0	ENSCSAG00000010963.1	cmpl	cmpl	-1,0,1,2,2,1,0,1,
140	ENSCSAT00000005422.1	chr9	+	70893259	71254245	70893905	71238072	48	70893259,71004072,71004566,71004842,71013454,71020004,71022064,71044229,71065907,71071174,71073539,71076313,71079174,71080872,71082761,71083143,71092625,71098385,71106625,71106813,71107410,71112874,71141485,71143240,71146223,71166342,71171578,71174568,71192825,71194288,71195878,71196304,71197496,71198377,71198938,71200491,71204661,71213104,71216776,71217802,71220934,71221510,71224874,71229353,71236422,71236637,71238003,71250613,	70894019,71004174,71004665,71004941,71013553,71020190,71022163,71044328,71066006,71071372,71073638,71076412,71079273,71081070,71082860,71083242,71092823,71098484,71106724,71106912,71107506,71112947,71141609,71143252,71146326,71166449,71171803,71174723,71193037,71194496,71195975,71196533,71197622,71198500,71198965,71200573,71207244,71213179,71216908,71217946,71221243,71221601,71225253,71229440,71236506,71236697,71238091,71254245,	0	ENSCSAG00000007379.1	cmpl	cmpl	0,0,0,0,0,0,0,0,0,0,0,0,0,0,0,0,0,0,0,0,0,0,1,2,2,0,2,2,1,0,1,2,0,0,0,0,1,1,1,1,1,1,2,0,0,0,0,-1,
131	ENSCSAT00000006338.1	chr9	+	60922272	61015356	60922410	61012994	4	60922272,60967360,60986766,61012839,	60922492,60967510,60986934,61015356,	0	ENSCSAG00000008285.1	cmpl	cmpl	0,1,1,1,
122	ENSCSAT00000007400.1	chr9	+	52014014	52076900	52014206	52072777	4	52014014,52027019,52066011,52072663,	52014452,52027220,52066176,52076900,	0	ENSCSAG00000009325.1	cmpl	cmpl	0,0,0,0,
118	ENSCSAT00000007697.1	chr9	-	47324228	47506688	47324228	47466314	12	47324228,47330451,47337423,47353647,47360827,47366923,47387008,47400415,47408362,47463548,47464897,47506249,	47324292,47330491,47337508,47353737,47360914,47367007,47387204,47400578,47408453,47463745,47466353,47506688,	0	ENSCSAG00000009619.1	cmpl	cmpl	2,1,0,0,0,0,2,1,0,1,0,-1,
154	ENSCSAT00000004620.1	chr9	-	85331465	85525688	85331465	85525677	9	85331465,85360869,85370905,85390816,85429979,85431898,85467553,85479016,85524660,	85331693,85361051,85371020,85390935,85430069,85432066,85467610,85479107,85525688,	0	ENSCSAG00000006579.1	cmpl	cmpl	0,1,0,1,1,1,1,0,0,
1324	ENSCSAT00000003351.1	chr9	-	96915950	96967394	96931925	96967332	10	96915950,96931886,96938640,96941694,96947071,96948414,96949601,96954967,96960251,96967199,	96920132,96932083,96938713,96941817,96947243,96948538,96949763,96955033,96960347,96967394,	0	ENSCSAG00000005318.1	cmpl	cmpl	-1,1,0,0,2,1,1,1,1,0,
1430	ENSCSAT00000002821.1	chr9	-	110805021	110846830	110809424	110846244	5	110805021,110815499,110839017,110840155,110845891,	110809652,110815545,110839486,110840598,110846830,	0	ENSCSAG00000004789.1	cmpl	cmpl	0,2,1,2,0,
593	ENSCSAT00000008039.1	chr1	+	1094581	1125045	1094683	1123985	6	1094581,1107358,1111830,1113100,1114626,1123770,	1094716,1107508,1112013,1113253,1114717,1125045,	0	ENSCSAG00000009953.1	cmpl	cmpl	0,0,0,0,0,1,
1026	ENSCSAT00000002402.1	chr1	-	57862897	57880699	57862897	57880699	5	57862897,57869634,57870061,57871622,57880299,	57863739,57869736,57870194,57871705,57880699,	0	ENSCSAG00000004376.1	cmpl	cmpl	1,1,0,1,0,
814	ENSCSAT00000003468.1	chr1	-	30039748	30132416	30042930	30132219	17	30039748,30049955,30052356,30056870,30060556,30061947,30063914,30065889,30067731,30070544,30071130,30074064,30082402,30085546,30091619,30095257,30132152,	30043135,30050034,30052428,30056933,30060760,30062037,30064016,30066021,30067860,30070661,30071244,30074190,30082633,30085615,30091753,30095423,30132416,	0	ENSCSAG00000005433.1	cmpl	cmpl	2,1,1,1,1,1,1,1,1,1,1,1,1,1,2,1,0,
101	ENSCSAT00000003504.1	chr1	-	29464089	29592270	29464132	29591780	5	29464089,29524860,29534220,29568898,29591111,	29464160,29524880,29534460,29568976,29592270,	0	ENSCSAG00000005470.1	cmpl	cmpl	2,0,0,0,0,
100	ENSCSAT00000003511.1	chr1	-	28771792	28841572	28774266	28841572	8	28771792,28786333,28791406,28804451,28810863,28823573,28839296,28841408,	28774661,28786460,28791547,28804543,28810921,28823622,28839377,28841572,	0	ENSCSAG00000005478.1	cmpl	cmpl	1,0,0,1,0,2,2,0,
616	ENSCSAT00000007447.1	chr1	+	4071387	4101717	4071387	4101717	9	4071387,4072039,4072392,4073743,4082063,4084169,4085209,4087027,4101146,	4071526,4072120,4072401,4073764,4082194,4084281,4085230,4089434,4101717,	0	ENSCSAG00000009403.1	incmpl	cmpl	0,1,1,1,1,0,1,1,2,
0	ENSCSAT00000001934.1	chr1	+	67032435	67353166	67032791	67350386	15	67032435,67069854,67079644,67095551,67104783,67128823,67178675,67197039,67213924,67217537,67219106,67227068,67276030,67324740,67349683,	67032908,67069972,67079679,67095713,67104858,67128909,67178781,67197166,67214009,67217625,67219167,67227234,67276109,67324832,67353166,	0	ENSCSAG00000003902.1	cmpl	cmpl	0,0,1,0,0,0,2,0,1,2,0,1,2,0,2,
1100	ENSCSAT00000001918.1	chr1	-	67564076	67595179	67564076	67595179	5	67564076,67568824,67574182,67579079,67595090,	67566007,67568861,67574290,67579200,67595179,	0	ENSCSAG00000003894.1	cmpl	cmpl	1,0,0,2,0,
153	ENSCSAT00000001496.1	chr1	-	84398026	84445971	84398026	84445856	11	84398026,84403621,84412483,84416334,84418470,84429943,84430835,84431958,84433552,84434799,84445801,	84398334,84403791,84412653,84416433,84418698,84430028,84430931,84432047,84433643,84434923,84445971,	0	ENSCSAG00000003469.1	cmpl	cmpl	1,2,0,0,0,2,2,0,2,1,0,
155	ENSCSAT00000001320.1	chr1	+	86337579	86377974	86337646	86377974	2	86337579,86376771,	86337946,86377974,	0	ENSCSAG00000003290.1	cmpl	cmpl	0,0,
92	ENSCSAT00000006085.1	chr11	+	20236429	20540900	20236429	20540900	16	20236429,20423324,20482343,20485119,20490486,20498887,20502694,20503898,20506089,20508821,20515528,20515783,20517873,20519610,20521966,20540658,	20237389,20423375,20482601,20485274,20490602,20499107,20502780,20504053,20506227,20508936,20515642,20515983,20518077,20519766,20522225,20540900,	0	ENSCSAG00000008069.1	cmpl	cmpl	0,0,0,0,2,1,2,1,0,0,1,1,0,0,0,1,
108	ENSCSAT00000005162.1	chr11	+	37167078	37333314	37167154	37329703	23	37167078,37168753,37177034,37180934,37183216,37190487,37194429,37194665,37197747,37198540,37203153,37207357,37207746,37223426,37244922,37259290,37277825,37280308,37283496,37288280,37290996,37292205,37329626,	37167215,37168786,37177167,37181107,37183312,37190694,37194529,37194847,37197872,37198658,37203304,37207485,37207922,37223547,37245081,37259440,37277896,37280543,37283600,37288467,37291109,37292362,37333314,	0	ENSCSAG00000007119.1	cmpl	cmpl	0,1,1,2,1,1,1,2,1,0,1,2,1,0,1,1,1,0,1,0,1,0,1,
113	ENSCSAT00000004790.1	chr11	+	42028082	42118892	42028082	42116022	17	42028082,42032091,42047458,42047618,42048201,42048378,42050075,42057543,42059521,42060264,42060720,42071953,42102058,42102284,42103704,42103916,42115877,	42028272,42032159,42047525,42047869,42048298,42048588,42050243,42057625,42059656,42060461,42063584,42072102,42102197,42102370,42103828,42104008,42118892,	0	ENSCSAG00000006749.1	cmpl	cmpl	0,1,0,1,0,1,1,1,2,2,1,0,2,0,2,0,2,
974	ENSCSAT00000003390.1	chr11	-	51042094	51070939	51055059	51068390	11	51042094,51055058,51056322,51057627,51059927,51060269,51061061,51061734,51067303,51068227,51070646,	51044583,51055158,51057134,51057836,51060026,51060306,51061115,51061784,51067346,51068435,51070939,	0	ENSCSAG00000005358.1	cmpl	cmpl	-1,0,1,2,2,1,1,2,1,0,-1,
15	ENSCSAT00000002572.1	chr11	-	57597696	57763149	57600301	57763088	4	57597696,57641999,57643248,57762982,	57600313,57642124,57643401,57763149,	0	ENSCSAG00000004540.1	cmpl	cmpl	0,1,1,0,
1	ENSCSAT00000002544.1	chr11	-	58534471	58820387	58539156	58820300	10	58534471,58558179,58582083,58586323,58612556,58630565,58680348,58693482,58719225,58820055,	58539304,58558331,58582191,58586387,58612675,58630650,58680461,58693827,58719391,58820387,	0	ENSCSAG00000004515.1	cmpl	cmpl	2,0,0,2,0,2,0,0,2,0,
16	ENSCSAT00000002529.1	chr11	+	59549224	59851302	59549474	59851302	22	59549224,59692070,59698308,59725720,59751490,59752149,59773117,59775924,59789390,59790731,59797486,59801725,59805346,59805541,59807662,59819474,59822278,59826318,59836491,59838097,59838369,59850927,	59549541,59692266,59698471,59725783,59751673,59752278,59773339,59776026,59789588,59790816,59797514,59801828,59805407,59805619,59807797,59819580,59822503,59826398,59836672,59838232,59838709,59851302,	0	ENSCSAG00000004499.1	cmpl	incmpl	0,1,2,0,0,0,0,0,0,0,1,2,0,1,1,1,2,2,1,2,2,0,
1083	ENSCSAT00000002221.1	chr11	-	65283137	65326536	65283137	65326536	9	65283137,65302140,65303612,65307617,65307881,65309415,65322415,65323110,65326384,	65284047,65302292,65303693,65307770,65307959,65309570,65322649,65323205,65326536,	0	ENSCSAG00000004199.1	cmpl	cmpl	2,0,0,0,0,1,1,2,0,
1088	ENSCSAT00000002204.1	chr11	+	65944521	66007201	65945012	66007201	3	65944521,65978633,66007032,	65945348,65978761,66007201,	0	ENSCSAG00000004174.1	cmpl	cmpl	0,0,2,
2	ENSCSAT00000001811.1	chr11	-	83856156	83943083	83868973	83942897	10	83856156,83868936,83870114,83870831,83877548,83878350,83880722,83894373,83907675,83942882,	83860555,83869013,83870182,83870941,83877632,83878507,83880893,83894436,83907789,83943083,	0	ENSCSAG00000003781.1	cmpl	cmpl	-1,2,0,1,1,0,0,0,0,0,
154	ENSCSAT00000001793.1	chr11	-	84989168	85103957	84989168	85053701	22	84989168,84996421,84996948,84999187,85000905,85001574,85002014,85007708,85008196,85008971,85014893,85018046,85019618,85022250,85024502,85025674,85028454,85032599,85032814,85040339,85053493,85103785,	84989194,84996575,84997131,84999295,85001117,85001788,85002206,85007815,85008284,85009151,85015131,85018288,85019861,85022465,85024664,85025713,85028595,85032725,85033069,85040537,85053922,85103957,	0	ENSCSAG00000003766.1	cmpl	cmpl	1,0,0,0,1,0,0,1,0,0,2,0,0,1,1,1,1,1,1,1,0,-1,
168	ENSCSAT00000001026.1	chr11	+	99665289	99981977	99665289	99981977	3	99665289,99814688,99981125,	99665407,99814774,99981977,	0	ENSCSAG00000002999.1	cmpl	incmpl	0,1,0,
1531	ENSCSAT00000016569.1	chr11	+	123997906	124087645	123997988	124086023	6	123997906,124050551,124073523,124075625,124077016,124084817,	123998141,124050695,124073729,124075899,124077208,124087645,	0	ENSCSAG00000001960.1	cmpl	cmpl	0,0,0,2,0,0,
191	ENSCSAT00000016581.1	chr11	+	124249339	124353079	124249339	124353079	11	124249339,124261022,124272678,124285142,124287627,124299096,124299848,124317100,124318819,124327251,124352917,	124249490,124261128,124272730,124285179,124287684,124299192,124299898,124317144,124318940,124327350,124353079,	0	ENSCSAG00000001950.1	incmpl	cmpl	0,1,2,0,1,1,1,0,2,0,0,
93	ENSCSAT00000015889.1	chr3	-	21022116	21128503	21022127	21128503	13	21022116,21023043,21028913,21034591,21051514,21053244,21060285,21092015,21101646,21102468,21105834,21107359,21128315,	21022341,21023075,21029013,21034665,21051598,21053277,21060379,21092089,21101730,21102542,21105927,21107418,21128503,	0	ENSCSAG00000017797.1	cmpl	cmpl	2,0,2,0,0,0,2,0,0,1,1,2,0,
95	ENSCSAT00000015859.1	chr3	-	23841194	23908631	23841370	23908536	2	23841194,23908401,	23842045,23908631,	0	ENSCSAG00000017765.1	cmpl	cmpl	0,0,
12	ENSCSAT00000015816.1	chr3	-	27225945	27314318	27228139	27294224	9	27225945,27246754,27253576,27258034,27264507,27273882,27290854,27294122,27313808,	27228319,27246898,27253642,27258094,27264676,27274001,27291019,27294264,27314318,	0	ENSCSAG00000017717.1	cmpl	cmpl	0,0,0,0,2,0,0,0,-1,
807	ENSCSAT00000015792.1	chr3	+	29136152	29165152	29136152	29165152	2	29136152,29164345,	29136884,29165152,	0	ENSCSAG00000017698.1	incmpl	cmpl	0,0,
855	ENSCSAT00000015739.1	chr3	+	35426229	35519023	35426229	35514740	5	35426229,35428710,35457334,35457530,35514057,	35428584,35428794,35457393,35457700,35519023,	0	ENSCSAG00000017645.1	cmpl	cmpl	0,0,0,2,1,
855	ENSCSAT00000015739.1	chr3	+	35426229	35519023	35426229	35514740	5	35426229,35428710,35457334,35457530,35514057,	35428584,35428794,35457393,35457700,35519023,	0	ENSCSAG00000017645.1	cmpl	cmpl	0,0,0,2,1,
121	ENSCSAT00000015724.1	chr3	-	50590270	50836590	50593816	50836393	11	50590270,50630497,50631063,50634232,50643964,50711155,50713998,50727149,50727726,50785912,50836341,	50593854,50630566,50631207,50634380,50644116,50711290,50714134,50727322,50727882,50786074,50836590,	0	ENSCSAG00000017630.1	cmpl	cmpl	1,1,1,0,1,1,0,1,1,1,0,
145	ENSCSAT00000015616.1	chr3	+	76146339	76184664	76146368	76181098	2	76146339,76180860,	76146682,76184664,	0	ENSCSAG00000017521.1	cmpl	cmpl	0,2,
1256	ENSCSAT00000015565.1	chr3	-	88045273	88074664	88047902	88074660	2	88045273,88071944,	88047907,88074664,	0	ENSCSAG00000017471.1	cmpl	cmpl	1,0,
86	ENSCSAT00000013549.1	chr24	+	13999937	14359882	14051715	14356852	13	13999937,14050926,14051655,14072873,14074608,14076383,14092031,14108727,14109020,14160231,14229491,14304956,14356785,	14000072,14051064,14051734,14073105,14074744,14076489,14092161,14108761,14109191,14160339,14229586,14305187,14359882,	0	ENSCSAG00000015453.1	cmpl	cmpl	-1,-1,0,1,2,0,1,2,0,0,0,2,2,
793	ENSCSAT00000013268.1	chr24	-	27314282	27383342	27317129	27383289	10	27314282,27335386,27337961,27339583,27346461,27352044,27363758,27372817,27373711,27383149,	27317325,27335518,27338119,27339751,27346496,27352207,27363890,27372969,27373827,27383342,	0	ENSCSAG00000015176.1	cmpl	cmpl	2,2,0,0,1,0,0,1,2,0,
1008	ENSCSAT00000004471.1	chr26	+	55471906	55538855	55471906	55538855	6	55471906,55503059,55506008,55519072,55525603,55538513,	55472154,55503142,55506146,55519225,55525848,55538855,	0	ENSCSAG00000006440.1	incmpl	cmpl	0,2,1,1,1,0,
976	ENSCSAT00000004902.1	chr26	-	51313742	51359340	51313742	51359000	2	51313742,51358423,	51314032,51359340,	0	ENSCSAG00000006853.1	cmpl	cmpl	1,0,
912	ENSCSAT00000005382.1	chr26	+	42894459	42915062	42896792	42911132	4	42894459,42896787,42898552,42911030,	42894608,42897084,42898713,42915062,	0	ENSCSAG00000007337.1	cmpl	cmpl	-1,0,1,0,
101	ENSCSAT00000009651.1	chr26	+	29699644	29904754	29699672	29901617	20	29699644,29710268,29714806,29716097,29716954,29718553,29719970,29720498,29725059,29725903,29729468,29731832,29759721,29809448,29811965,29816181,29828913,29895976,29901561,29904396,	29699825,29710375,29714885,29716272,29717031,29718673,29720116,29720595,29725201,29726149,29729689,29732028,29759918,29810266,29812057,29816261,29829109,29896081,29901669,29904754,	0	ENSCSAG00000011567.1	cmpl	cmpl	0,0,2,0,1,0,0,2,0,1,1,0,1,0,2,1,0,1,1,-1,
800	ENSCSAT00000009736.1	chr26	+	28197463	28227963	28197485	28225311	5	28197463,28201556,28203339,28208351,28225112,	28197638,28201642,28203443,28208475,28227963,	0	ENSCSAG00000011625.1	cmpl	cmpl	0,0,2,1,2,
659	ENSCSAT00000012130.1	chr26	+	9737949	9749062	9737949	9749062	2	9737949,9748336,	9738105,9749062,	0	ENSCSAG00000014038.1	cmpl	cmpl	0,0,
632	ENSCSAT00000012817.1	chr26	+	6225609	6251896	6225770	6249930	7	6225609,6240472,6240865,6242464,6243841,6244301,6249837,	6225833,6240664,6240940,6242566,6243994,6244385,6251896,	0	ENSCSAG00000014721.1	cmpl	cmpl	0,0,0,0,0,0,0,
91	ENSCSAT00000014943.1	chr29	-	19632025	19707425	19633785	19707249	3	19632025,19691315,19707202,	19635378,19691811,19707425,	0	ENSCSAG00000016847.1	cmpl	cmpl	0,2,0,
605	ENSCSAT00000008435.1	chr5	+	2670080	2690582	2670080	2688475	7	2670080,2670813,2673793,2677083,2678174,2680881,2688435,	2670405,2671296,2674258,2677347,2678447,2680942,2690582,	0	ENSCSAG00000010349.1	cmpl	cmpl	0,1,1,1,1,1,2,
76	ENSCSAT00000007722.1	chr5	-	3641348	3796198	3644462	3795963	10	3641348,3655742,3658269,3660476,3664537,3670441,3675017,3676262,3687917,3794270,	3645654,3655784,3658418,3660636,3664746,3670544,3675235,3676367,3688108,3796198,	0	ENSCSAG00000009642.1	cmpl	cmpl	2,2,0,2,0,2,0,0,1,0,
651	ENSCSAT00000006728.1	chr5	+	8652261	8682105	8652697	8678381	4	8652261,8653563,8664538,8678136,	8652923,8653644,8664814,8682105,	0	ENSCSAG00000008664.1	cmpl	cmpl	0,1,1,1,
10	ENSCSAT00000006243.1	chr5	+	11448194	12031613	11448267	12031613	21	11448194,11470024,11474556,11498570,11516319,11520198,11522189,11525696,11535375,11540475,11543830,11589996,11593053,11662183,11740434,11817024,11860356,11865352,11939940,11985423,12031483,	11448274,11470086,11474609,11498695,11516500,11520269,11522438,11526072,11535494,11540551,11543913,11590060,11593182,11662266,11740541,11817141,11860412,11865434,11940081,11985563,12031613,	0	ENSCSAG00000008198.1	cmpl	cmpl	0,1,0,2,1,2,1,1,2,1,2,1,2,2,1,0,0,2,0,0,2,
84	ENSCSAT00000006226.1	chr5	-	12110125	12248943	12113632	12248844	4	12110125,12153287,12226114,12248774,	12113862,12153713,12226333,12248943,	0	ENSCSAG00000008177.1	cmpl	cmpl	1,1,1,0,
681	ENSCSAT00000006214.1	chr5	+	12652734	12690648	12652790	12686638	3	12652734,12663355,12686258,	12652935,12663403,12690648,	0	ENSCSAG00000008163.1	cmpl	cmpl	0,1,1,
732	ENSCSAT00000005396.1	chr5	+	19358961	19380332	19358991	19379997	2	19358961,19378907,	19359155,19380332,	0	ENSCSAG00000007352.1	cmpl	cmpl	0,2,
97	ENSCSAT00000004440.1	chr5	-	25494991	25759696	25494991	25759696	7	25494991,25510142,25531247,25547622,25585051,25661918,25759353,	25495086,25510213,25531415,25547734,25585204,25661966,25759696,	0	ENSCSAG00000006403.1	incmpl	cmpl	1,2,2,1,1,1,0,
1027	ENSCSAT00000002176.1	chr5	-	57937175	57978449	57940348	57978149	5	57937175,57944060,57954654,57955518,57977975,	57940439,57944089,57954684,57955647,57978449,	0	ENSCSAG00000004146.1	cmpl	cmpl	2,0,0,0,0,
593	ENSCSAT00000012157.1	chr16	-	1102347	1135166	1105403	1135072	3	1102347,1118767,1134831,	1105411,1119133,1135166,	0	ENSCSAG00000014068.1	cmpl	cmpl	1,1,0,
597	ENSCSAT00000011914.1	chr16	-	1576248	1664947	1578050	1664652	2	1576248,1664639,	1579375,1664947,	0	ENSCSAG00000013825.1	cmpl	cmpl	1,0,
76	ENSCSAT00000011290.1	chr16	-	3742880	3845522	3757510	3845214	6	3742880,3757473,3764125,3771964,3786452,3845168,	3746333,3757597,3764304,3772062,3786555,3845522,	0	ENSCSAG00000013192.1	cmpl	cmpl	-1,0,1,2,1,0,
81	ENSCSAT00000008231.1	chr16	+	9162106	9227581	9162106	9227581	13	9162106,9170012,9172203,9178095,9190364,9193323,9196095,9197307,9198173,9209024,9218275,9225855,9227245,	9162295,9170100,9172308,9178217,9190471,9193477,9196255,9197368,9198243,9209113,9218414,9225897,9227581,	0	ENSCSAG00000010211.1	cmpl	cmpl	0,0,1,1,0,2,0,1,2,0,2,0,0,
85	ENSCSAT00000007100.1	chr16	-	12835337	12935627	12835337	12935627	2	12835337,12935028,	12835956,12935627,	0	ENSCSAG00000009036.1	incmpl	cmpl	2,0,
1101	ENSCSAT00000000652.1	chr16	-	67680017	67732938	67681451	67728179	23	67680017,67691697,67693820,67694487,67700419,67701382,67701757,67705735,67709208,67709743,67711378,67711764,67713384,67719558,67721222,67721491,67721813,67723793,67727671,67727857,67728112,67730118,67732766,	67682480,67691729,67693917,67694529,67700545,67701472,67701831,67705814,67709364,67709865,67711509,67711826,67713702,67719702,67721280,67721603,67721969,67724958,67727726,67727936,67728208,67730146,67732938,	0	ENSCSAG00000002632.1	cmpl	cmpl	0,1,0,0,0,0,1,0,0,1,2,0,0,0,2,1,1,0,2,1,0,-1,-1,
137	ENSCSAT00000000650.1	chr16	+	67587581	67659599	67587581	67659599	19	67587581,67614964,67625601,67629445,67630234,67630864,67631455,67633356,67633684,67634005,67635357,67640876,67641137,67641609,67642352,67644212,67644659,67649387,67659467,	67587603,67615266,67625622,67629641,67630433,67630958,67632324,67633449,67633728,67634193,67635533,67641007,67641285,67641856,67642587,67644367,67644812,67649534,67659599,	0	ENSCSAG00000002635.1	cmpl	incmpl	0,1,0,0,1,2,0,2,2,1,0,2,1,2,0,1,0,0,0,
105	ENSCSAT00000003897.1	chr16	-	34042550	34086816	34047238	34086816	4	34042550,34052867,34053962,34086699,	34047328,34052976,34054006,34086816,	0	ENSCSAG00000005856.1	cmpl	cmpl	0,2,0,0,
127	ENSCSAT00000002030.1	chr16	+	56880933	56950999	56881031	56946159	16	56880933,56881181,56893675,56896712,56900873,56903906,56906985,56911024,56912372,56913858,56914909,56917969,56920305,56928282,56940251,56946129,	56881095,56881208,56893969,56897018,56901149,56904155,56907261,56911312,56912480,56913886,56914983,56918023,56920368,56928339,56940274,56950999,	0	ENSCSAG00000004001.1	cmpl	cmpl	0,1,1,1,1,1,1,1,1,1,2,1,1,1,1,0,
14	ENSCSAT00000002479.1	chr16	+	48132768	48301648	48132768	48301648	45	48132768,48133459,48167697,48183791,48191334,48198772,48201323,48201654,48203799,48205586,48207759,48208829,48215372,48215944,48217023,48220621,48224078,48225330,48238441,48238824,48239353,48241275,48242099,48242341,48245185,48246245,48247016,48249224,48250300,48252773,48254261,48254895,48256792,48259823,48261224,48261481,48270945,48274126,48277707,48281587,48287165,48289013,48289419,48291066,48301294,	48132832,48133619,48167804,48183939,48191468,48198884,48201514,48201738,48203994,48205703,48207927,48208932,48215549,48216081,48217171,48220762,48224260,48225446,48238637,48238923,48239545,48241397,48242209,48242492,48245423,48246367,48247206,48249323,48250495,48252975,48254365,48254966,48256928,48259880,48261326,48261597,48271132,48274264,48277869,48281713,48287330,48289154,48289558,48291193,48301648,	0	ENSCSAG00000004490.1	incmpl	cmpl	0,1,2,1,2,1,2,1,1,1,1,1,2,2,1,2,2,1,0,1,1,1,0,2,0,1,0,1,1,1,2,1,0,1,1,1,0,1,1,1,1,1,1,2,0,
1120	ENSCSAT00000000417.1	chr16	+	70226939	70235193	70226939	70235193	4	70226939,70227301,70228941,70235103,	70227050,70227411,70229059,70235193,	0	ENSCSAG00000002402.1	cmpl	cmpl	0,0,2,0,
17	ENSCSAT00000000125.1	chr16	+	74426104	74503373	74426174	74503373	9	74426104,74457821,74470850,74474540,74484161,74485403,74487228,74488372,74503176,	74426455,74458016,74470998,74474687,74484355,74485579,74487525,74488582,74503373,	0	ENSCSAG00000002109.1	cmpl	cmpl	0,2,2,0,0,2,1,1,1,
1043	ENSCSAT00000015712.1	chr18	-	60088524	60120114	60088524	60120114	11	60088524,60096765,60100392,60103022,60106205,60106543,60108941,60109179,60111147,60114659,60119843,	60088733,60096897,60100546,60103099,60106385,60106699,60109091,60109283,60111246,60114759,60120114,	0	ENSCSAG00000017618.1	cmpl	cmpl	1,1,0,1,1,1,1,2,2,1,0,
138	ENSCSAT00000015648.1	chr18	+	68583258	68736771	68583346	68732985	7	68583258,68649748,68665878,68687743,68688829,68719067,68732890,	68583385,68649828,68665960,68687815,68688936,68719177,68736771,	0	ENSCSAG00000017553.1	cmpl	cmpl	0,0,2,0,0,2,1,
127	ENSCSAT00000015793.1	chr18	+	56880635	56944306	56880730	56941985	10	56880635,56894263,56897156,56904516,56909676,56913870,56923932,56925691,56930979,56941901,	56880751,56894374,56897255,56904615,56909775,56913969,56924031,56925787,56931078,56944306,	0	ENSCSAG00000017699.1	cmpl	cmpl	0,0,0,0,0,0,0,0,0,0,
107	ENSCSAT00000016046.1	chr18	-	35824663	36007161	35824663	35931514	4	35824663,35849192,35928171,36007025,	35825034,35849363,35931631,36007161,	0	ENSCSAG00000017949.1	incmpl	cmpl	1,1,0,-1,
829	ENSCSAT00000016122.1	chr18	+	31993680	32024850	31993824	32022572	4	31993680,31995770,32001328,32022033,	31994437,31995824,32001403,32024850,	0	ENSCSAG00000018024.1	cmpl	cmpl	0,1,1,1,
93	ENSCSAT00000016256.1	chr18	+	21107368	21252693	21124158	21251681	13	21107368,21124154,21128494,21155928,21197724,21206705,21211964,21212192,21218059,21220414,21229167,21234969,21251464,	21107670,21124282,21128612,21157639,21201112,21206853,21212092,21212228,21218334,21220503,21229385,21235018,21252693,	0	ENSCSAG00000018160.1	cmpl	cmpl	-1,0,1,2,0,1,2,1,1,0,2,1,2,
89	ENSCSAT00000016283.1	chr18	-	17382569	17445587	17385622	17421287	10	17382569,17401048,17404080,17408852,17410572,17412302,17416586,17421169,17422867,17445536,	17385906,17401832,17404133,17408966,17410667,17412396,17416730,17421295,17422949,17445587,	0	ENSCSAG00000018186.1	cmpl	cmpl	1,0,1,1,2,1,1,0,-1,-1,
88	ENSCSAT00000016287.1	chr18	+	16441732	16637895	16441732	16637895	2	16441732,16637763,	16442317,16637895,	0	ENSCSAG00000018191.1	cmpl	incmpl	0,0,
9	ENSCSAT00000016327.1	chr18	-	4844049	5269118	4845221	5269065	8	4844049,4993050,5022341,5031524,5035267,5131495,5258963,5264375,	4846540,4993229,5022462,5031608,5035434,5131570,5259078,5269118,	0	ENSCSAG00000018231.1	cmpl	cmpl	1,2,1,1,2,2,1,0,
602	ENSCSAT00000009595.1	chr6	-	2287894	2293067	2287894	2293067	2	2287894,2292986,	2288020,2293067,	0	ENSCSAG00000011506.1	cmpl	cmpl	0,0,
725	ENSCSAT00000003062.1	chr6	-	18457569	18475551	18457569	18475551	3	18457569,18474180,18475421,	18458840,18474276,18475551,	0	ENSCSAG00000005029.1	cmpl	incmpl	1,1,0,
734	ENSCSAT00000003010.1	chr6	+	19569081	19580532	19569081	19580532	3	19569081,19570097,19578733,	19569265,19570193,19580532,	0	ENSCSAG00000004980.1	cmpl	cmpl	0,1,1,
735	ENSCSAT00000003002.1	chr6	-	19710360	19730847	19713085	19730693	2	19710360,19730572,	19714476,19730847,	0	ENSCSAG00000004974.1	cmpl	cmpl	1,0,
91	ENSCSAT00000003000.1	chr6	-	19789493	19884433	19792704	19884343	3	19789493,19810656,19884309,	19794893,19810755,19884433,	0	ENSCSAG00000004971.1	cmpl	cmpl	1,1,0,
92	ENSCSAT00000002984.1	chr6	-	20145396	20216108	20145396	20216108	14	20145396,20146899,20147079,20151362,20151580,20154345,20198701,20199030,20199367,20200861,20210462,20215340,20215743,20216082,	20145572,20146995,20147194,20151499,20151698,20154353,20198861,20199352,20200780,20201144,20210558,20215467,20215783,20216108,	0	ENSCSAG00000004956.1	incmpl	cmpl	1,1,0,1,0,1,0,2,2,1,1,0,2,0,
740	ENSCSAT00000002979.1	chr6	+	20324153	20339819	20324153	20339819	7	20324153,20325052,20334499,20335437,20336081,20336866,20339671,	20324283,20325148,20334933,20335829,20336361,20337147,20339819,	0	ENSCSAG00000004945.1	incmpl	incmpl	0,1,1,0,2,0,2,
97	ENSCSAT00000002858.1	chr6	+	25494972	25599359	25494972	25599359	3	25494972,25584766,25597776,	25497142,25584919,25599359,	0	ENSCSAG00000004832.1	cmpl	cmpl	0,1,1,
816	ENSCSAT00000018617.1	chr6	+	30377426	30378419	30377426	30378419	1	30377426,	30378419,	0	ENSCSAG00000018527.1	cmpl	cmpl	0,
102	ENSCSAT00000002238.1	chr6	-	31307607	31332205	31307607	31332205	3	31307607,31331647,31332069,	31308632,31331746,31332205,	0	ENSCSAG00000004210.1	cmpl	cmpl	1,1,0,
873	ENSCSAT00000001353.1	chr6	+	37748920	37754276	37748920	37754276	3	37748920,37749588,37752429,	37749044,37749684,37754276,	0	ENSCSAG00000003326.1	cmpl	cmpl	0,1,1,
873	ENSCSAT00000001350.1	chr6	-	37767320	37781056	37767320	37781056	2	37767320,37780956,	37769296,37781056,	0	ENSCSAG00000003323.1	incmpl	incmpl	1,0,
873	ENSCSAT00000001347.1	chr6	-	37798284	37808975	37799157	37808752	2	37798284,37808610,	37801667,37808975,	0	ENSCSAG00000003321.1	cmpl	cmpl	1,0,
111	ENSCSAT00000001043.1	chr6	+	40205891	40353280	40264489	40348779	7	40205891,40264301,40283647,40336067,40337609,40347394,40348421,	40206073,40268170,40283792,40336145,40337741,40347500,40353280,	0	ENSCSAG00000003015.1	cmpl	cmpl	-1,0,0,1,1,1,2,
927	ENSCSAT00000016533.1	chr6	-	44881039	44899539	44881039	44899404	4	44881039,44893099,44893986,44899389,	44883513,44893228,44894113,44899539,	0	ENSCSAG00000001995.1	cmpl	cmpl	1,1,0,0,
119	ENSCSAT00000016861.1	chr6	-	49002500	49039553	49006263	49023461	5	49002500,49019288,49021799,49023428,49038747,	49007843,49019381,49021926,49023519,49039553,	0	ENSCSAG00000001668.1	cmpl	cmpl	1,1,0,0,-1,
124	ENSCSAT00000008842.1	chr2	-	54382615	54430101	54413561	54430101	3	54382615,54413524,54429608,	54387476,54414274,54430101,	0	ENSCSAG00000010755.1	cmpl	cmpl	-1,1,0,
824	ENSCSAT00000011610.1	chr2	-	31348807	31360901	31350274	31359222	3	31348807,31358876,31360452,	31351119,31359229,31360901,	0	ENSCSAG00000013514.1	cmpl	cmpl	1,0,-1,
12	ENSCSAT00000011682.1	chr2	-	29242424	29496793	29245648	29495889	29	29242424,29337794,29338485,29339340,29339537,29353282,29362427,29367250,29370539,29386127,29387256,29388358,29390229,29393434,29397678,29399457,29402044,29404397,29409097,29410311,29418053,29429254,29441636,29467534,29469254,29477060,29478532,29480317,29495808,	29245876,29337881,29338543,29339430,29339614,29353463,29362647,29367304,29370672,29386237,29387361,29388458,29390394,29393589,29397803,29399542,29402141,29404465,29409275,29410396,29418136,29429412,29441783,29467701,29469355,29477136,29478586,29480397,29496793,	0	ENSCSAG00000013586.1	cmpl	cmpl	0,0,2,2,0,2,1,1,0,1,1,0,0,1,2,1,0,1,0,2,0,1,1,2,0,2,2,0,0,
1023	ENSCSAT00000008092.1	chr2	+	57437622	57462000	57444052	57459469	3	57437622,57444022,57458947,	57437705,57444244,57462000,	0	ENSCSAG00000010002.1	cmpl	cmpl	-1,0,0,
97	ENSCSAT00000011827.1	chr2	-	25659235	25716879	25661714	25716626	7	25659235,25684643,25691378,25693266,25702421,25710032,25716475,	25661864,25684819,25691505,25693379,25702555,25710162,25716879,	0	ENSCSAG00000013728.1	cmpl	cmpl	0,1,0,1,2,1,0,
94	ENSCSAT00000012055.1	chr2	+	22456122	22590134	22571227	22590134	4	22456122,22508176,22571077,22590123,	22456438,22508280,22574087,22590134,	0	ENSCSAG00000013961.1	cmpl	cmpl	-1,-1,0,1,
685	ENSCSAT00000013279.1	chr2	-	13215928	13237421	13219043	13237120	3	13215928,13230867,13237054,	13219873,13231090,13237421,	0	ENSCSAG00000015184.1	cmpl	cmpl	1,0,0,
666	ENSCSAT00000008091.1	chr19	-	10652938	10706762	10655605	10705802	2	10652938,10702018,	10655787,10706762,	0	ENSCSAG00000010001.1	cmpl	cmpl	1,0,
666	ENSCSAT00000008091.1	chr19	-	10652938	10706762	10655605	10705802	2	10652938,10702018,	10655787,10706762,	0	ENSCSAG00000010001.1	cmpl	cmpl	1,0,
96	ENSCSAT00000003709.1	chr19	-	24692373	24853507	24701578	24748274	6	24692373,24701534,24702762,24711560,24742619,24853194,	24694368,24701662,24702812,24711654,24748310,24853507,	0	ENSCSAG00000005671.1	cmpl	cmpl	-1,0,1,0,0,-1,
100	ENSCSAT00000003215.1	chr19	-	28844643	29030216	28844643	29030216	36	28844643,28845101,28845613,28846339,28846692,28847274,28847877,28848616,28850099,28850625,28853332,28857600,28861883,28864083,28865122,28867493,28869480,28873186,28874579,28875380,28875826,28878497,28880941,28882046,28882901,28884090,28894086,28894831,28895465,28897499,28919684,28922222,28925563,28948887,29026476,29027645,	28844650,28845357,28845838,28846489,28846796,28847369,28848003,28848743,28850179,28850738,28853507,28857801,28862010,28864251,28865327,28867637,28869664,28873396,28874674,28875482,28876010,28878618,28881083,28882221,28883015,28884276,28894253,28894957,28895629,28897657,28919773,28922338,28925786,28949526,29027458,29030216,	0	ENSCSAG00000005254.1	incmpl	cmpl	2,1,1,1,2,0,0,2,0,1,0,0,2,2,1,1,0,0,1,1,0,2,1,0,0,0,1,1,2,0,1,2,1,1,0,0,
12	ENSCSAT00000003166.1	chr19	+	29261017	29684409	29261144	29681314	13	29261017,29292936,29294268,29298166,29387378,29400730,29404339,29422911,29484913,29512517,29549458,29626838,29681185,	29261206,29292993,29294609,29298343,29387449,29400859,29404402,29423026,29485023,29512593,29549586,29626934,29684409,	0	ENSCSAG00000005134.1	cmpl	cmpl	0,2,2,1,1,0,0,0,1,0,1,0,0,
