#	gene	chrom	exon_type	strand	exon_len	exon_start	exon_end	intergenic_5p_start	intergenic_5p_end	intergenic_3p_start	intergenic_3p_end	intergenic_5p_len	intergenic_3p_len	5p_end	5p_elements	3p_end	3p_elements	rec_region_start	rec_region_end	avg_rec_rate	numbp50	numbp75	length_5p	length_3p	divergence
1	FNDC10	chr1	protein_coding	-	2089	1598008	1600096	1600097	1615414	1574883	1598007	15318	23125	NA	none	NA	none	1575724	1709986	1.741705556	1856	11765	15318	23125	0.000957396
2	SPSB1	chr1	protein_coding	+	2085	9367448	9369532	9356586	9367447	9369533	9425093	10862	55561	NA	none	NA	none	9364650	9377753	1.423344154	2511	14031	10862	55561	0.001918465
3	CTNNBIP1	chr1	protein_coding	-	2501	9848276	9850776	9850777	9871186	9824527	9848275	20410	23749	NA	none	NA	none	9844093	9856859	3.224856297	718	6943	20410	23749	0.00159936
4	FBLIM1	chr1	protein_coding	+	2042	15784548	15786589	15777288	15784547	15786590	15792726	7260	6137	NA	none	NA	none	15780028	15787962	2.878658023	771	7208	7260	6137	0.001469148
5	KLHDC7A	chr1	protein_coding	+	5070	18480930	18485999	18378484	18480929	18486000	18513005	102446	27006	NA	none	NA	none	18451854	18551293	2.255935463	2065	12564	102446	27006	0.003747535
6	FAM43B	chr1	protein_coding	+	2582	20552439	20555020	20526811	20552438	20555021	20588950	25628	33930	NA	none	NA	none	20545343	20562698	2.202489064	1421	10111	25628	33930	0.001549187
7	HTR1D	chr1	protein_coding	-	2835	23191895	23194729	23194730	23244728	23168859	23191894	49999	23036	NA	none	NA	none	23191912	23194719	0.89261819	5072	21726	49999	23036	0.002116402
8	PATJ	chr1	protein_coding	+	3013	62160908	62163920	62148391	62160907	62163921	62189096	12517	25176	NA	none	NA	none	62160359	62169602	2.126461502	1639	10966	12517	25176	0.000995685
9	ANKRD13C	chr1	protein_coding	-	3846	70259002	70262847	70262848	70270855	70252021	70259001	8008	6981	NA	none	NA	none	70250872	70272567	4.308309089	611	6389	8008	6981	0.000520021
10	NEGR1	chr1	protein_coding	-	4629	71402942	71407570	71407571	71592816	71237724	71402941	185246	165218	NA	none	NA	none	71401559	71409445	1.728477446	2778	14931	185246	165218	0.001944264
11	PTGFR	chr1	protein_coding	+	4296	78536406	78540701	78497945	78536405	78540702	78620381	38461	79680	NA	none	NA	none	78536013	78542415	4.691736925	583	6245	38461	79680	0.003026071
12	TGFBR3	chr1	protein_coding	-	3515	91680343	91683857	91683858	91695671	91644342	91680342	11814	36001	NA	none	NA	none	91678954	91702146	5.890760248	306	4428	11814	36001	0.00056899
13	EVI5	chr1	protein_coding	-	5275	92508696	92513970	92513971	92563641	92486877	92508695	49671	21819	NA	none	NA	none	92503777	92515359	1.477188719	3607	17504	49671	21819	0.000568828
14	PLPPR5	chr1	protein_coding	-	2860	98890245	98893104	98893105	98914785	98760501	98890244	21681	129744	NA	none	NA	none	98888935	98893540	1.908158296	1876	11843	21681	129744	0.001048951
15	CDC14A	chr1	protein_coding	+	2027	100518251	100520277	100504938	100518250	100520278	100538171	13313	17894	NA	none	NA	none	100501607	100524621	1.575624531	2138	12768	13313	17894	0.00098668
16	PRMT6	chr1	protein_coding	+	2650	107056645	107059294	105891477	107056644	107059295	107139917	1165168	80623	106435745	phastConsE-106434321-106435745	NA	none	107054152	107059726	0.501917799	9229	33361	1165168	80623	0.001510004
17	NTNG1	chr1	protein_coding	+	4289	107480611	107484899	107436800	107480610	107484900	107505127	43811	20228	NA	none	NA	none	107480739	107484899	1.233603696	4049	18792	43811	20228	0.000233155
18	MAN1A2	chr1	protein_coding	+	2874	117522825	117525698	117502971	117522824	117525699	117596831	19854	71133	NA	none	NA	none	117523037	117525418	1.245883864	3395	16828	19854	71133	0.001391788
19	TBX15	chr1	protein_coding	-	2474	118883043	118885516	118885517	118899027	118713865	118883042	13511	169178	NA	none	NA	none	118879490	118895349	3.094724832	769	7205	13511	169178	0.000404204
20	GOLPH3L	chr1	protein_coding	-	2524	150646225	150648748	150648749	150661813	150629623	150646224	13065	16602	NA	none	NA	none	150646335	150648657	1.3912437	2788	14933	13065	16602	0.000396197
21	CTSS	chr1	protein_coding	-	2950	150730196	150733145	150733146	150747776	150720889	150730195	14631	9307	NA	none	NA	none	150725234	150735346	1.702964275	2249	13155	14631	9307	0.001016949
22	KPRP	chr1	protein_coding	+	2493	152759561	152762053	152720430	152759560	152762054	152776371	39131	14318	NA	none	NA	none	152758952	152767757	1.643533531	2190	12948	39131	14318	0.001604493
23	ASH1L	chr1	protein_coding	-	4564	155477886	155482449	155482450	155521099	155459899	155477885	38650	17987	NA	none	NA	none	155477924	155482442	2.525201122	1648	11034	38650	17987	0.000438212
24	MPZL1	chr1	protein_coding	+	4100	167787820	167791919	167776167	167787819	167791920	167809387	11653	17468	NA	none	NA	none	167787851	167791862	1.727129759	2606	14365	11653	17468	0.000243902
25	DNM3	chr1	protein_coding	+	4946	172407772	172412717	172388810	172407771	172412718	172420687	18962	7970	NA	none	NA	none	172407860	172412258	3.016054308	1347	9863	18962	7970	0.001213101
26	TNFSF4	chr1	protein_coding	-	3135	173183731	173186865	173186866	173205310	173142373	173183730	18445	41358	NA	none	NA	none	173183827	173186727	1.142885485	3910	18372	18445	41358	0.000318979
27	KIAA0040	chr1	protein_coding	-	4160	175156987	175161146	175161147	175166561	175148067	175156986	5415	8920	NA	none	NA	none	175157087	175161108	7.962897792	200	3565	5415	8920	0.000240385
28	IER5	chr1	protein_coding	+	2342	181088502	181090843	181061939	181088501	181090844	181174483	26563	83640	NA	none	NA	none	181088736	181090624	1.251902932	3130	16013	26563	83640	0.001708672
29	LRRN2	chr1	protein_coding	-	3046	204617173	204620218	204620219	204682869	204558121	204617172	62651	59052	NA	none	NA	none	204617463	204619973	1.3165534	3235	16339	62651	59052	0.001313198
30	KCNK2	chr1	protein_coding	+	2266	215234828	215237093	215195093	215234827	215237094	215376497	39735	139404	215383392	phastConsE-215382688-215383392	NA	none	215235436	215236057	3.659593333	520	5835	39735	139404	0
31	ESRRG	chr1	protein_coding	-	3938	216503246	216507183	216507184	216519151	216423397	216503245	11968	79849	NA	none	NA	none	216504008	216506575	1.540454	2963	15504	11968	79849	0.001015744
32	TLR5	chr1	protein_coding	-	3630	223109406	223113035	223113036	223132474	223005996	223109405	19439	103410	NA	none	NA	none	223042561	223159936	1.43395	3126	16007	19439	103410	0.000826446
33	CCDC185	chr1	protein_coding	+	2098	223393373	223395470	223364203	223393372	223395471	223541608	29170	146138	NA	none	NA	none	223393674	223394461	1.71187525	1911	11961	29170	146138	0.000953289
34	EGLN1	chr1	protein_coding	-	4047	231420998	231425044	231425045	231475761	231374100	231420997	50717	46898	NA	none	NA	none	231420917	231425432	3.307143	1000	8350	50717	46898	0.001235483
35	MAP10	chr1	protein_coding	+	5455	232804892	232810346	232742716	232804891	232810347	232950530	62176	140184	NA	none	NA	none	232805116	232810134	0.511693375	11009	38292	62176	140184	0.001099908
36	GNG4	chr1	protein_coding	-	4553	235547685	235552237	235552238	235583739	235504482	235547684	31502	43203	NA	none	NA	none	235547849	235552223	2.427366182	1741	11381	31502	43203	0.002415989
37	GREM2	chr1	protein_coding	-	3904	240489573	240493476	240493477	240611883	240475190	240489572	118407	14383	NA	none	NA	none	240489647	240492044	3.571878333	856	7665	118407	14383	0.001536885
38	CNST	chr1	protein_coding	+	2883	246665700	246668582	246660335	246665699	246668583	246724075	5365	55493	NA	none	NA	none	246666314	246668054	3.449574	709	6901	5365	55493	0.002774887
39	TRIM58	chr1	protein_coding	+	4239	247875900	247880138	247868064	247875899	247880139	247895586	7836	15448	NA	none	NA	none	247875992	247880043	2.50450375	1587	10793	7836	15448	0.001179523
40	RSAD2	chr2	protein_coding	+	2455	6895778	6898232	6890326	6895777	6898233	6912275	5452	14043	NA	none	NA	none	6870151	7068829	6.499692334	160	3145	5452	14043	0.002443992
41	KCNF1	chr2	protein_coding	+	2289	10911937	10914225	10885119	10911936	10914226	11099850	26818	185625	NA	none	NA	none	10910138	10915803	4.080177828	420	5207	26818	185625	0
42	KCNS3	chr2	protein_coding	+	2009	17930950	17932958	17917872	17930949	17932959	18554722	13078	621764	NA	none	18475570	phastConsE-18475570-18476257	17874564	18041810	1.582081549	2118	12696	13078	621764	0.00149328
43	RHOB	chr2	protein_coding	+	2375	20447071	20449445	20350851	20447070	20449446	20529395	96220	79950	NA	none	NA	none	20427072	20648383	1.695630928	2046	12447	96220	79950	0.002105263
44	ASXL2	chr2	protein_coding	-	5093	25739384	25744476	25744477	25749695	25673648	25739383	5219	65736	NA	none	NA	none	25739400	25744385	4.441081307	753	7183	5219	65736	0.002159827
45	KIF3C	chr2	protein_coding	-	2202	25980373	25982574	25982575	25994677	25956445	25980372	12103	23928	NA	none	NA	none	25976763	25984556	2.063602461	1450	10225	12103	23928	0.000454133
46	PPP1CB	chr2	protein_coding	+	3742	28799199	28802940	28793998	28799198	28802941	28810833	5201	7893	NA	none	NA	none	28796865	28807532	4.219737308	618	6426	5201	7893	0.000534474
47	C2orf71	chr2	protein_coding	-	3378	29061690	29065067	29065068	29070593	29052231	29061689	5526	9459	NA	none	NA	none	29061246	29067111	3.919322639	643	6558	5526	9459	0.001184133
48	LBH	chr2	protein_coding	+	2601	30257433	30260033	30234508	30257432	30260034	30346645	22925	86612	NA	none	NA	none	30150376	30382970	1.014490808	4243	19349	22925	86612	0.000768935
49	LCLAT1	chr2	protein_coding	+	4109	30640117	30644225	30568177	30640116	30644226	30722770	71940	78545	NA	none	NA	none	30382970	30693895	1.189180752	4151	19086	71940	78545	0.001216841
50	SPAST	chr2	protein_coding	+	3264	32154374	32157637	32145008	32154373	32157638	32165840	9366	8203	NA	none	NA	none	31871372	32168946	3.463196732	778	7267	9366	8203	0.000919118
51	CDC42EP3	chr2	protein_coding	-	4941	37641882	37646822	37646823	37671425	37373323	37641881	24603	268559	NA	none	NA	none	37535263	37723992	1.305565675	4039	18774	24603	268559	0.001214329
52	PRKCE	chr2	protein_coding	+	3256	46184735	46187990	46159753	46184734	46187991	46297401	24982	109411	NA	none	NA	none	46039192	46241875	1.768999255	2238	13122	24982	109411	0.001535627
53	APLF	chr2	protein_coding	+	2343	68577820	68580162	68545313	68577819	68580163	68627060	32507	46898	NA	none	NA	none	68513521	70448194	2.121244304	1432	10153	32507	46898	0.00128041
54	ANTXR1	chr2	protein_coding	+	4103	69245225	69249327	69193416	69245224	69249328	69319768	51809	70441	NA	none	NA	none	68513521	70448194	4.205595751	677	6756	51809	70441	0.001706069
55	SFXN5	chr2	protein_coding	-	3064	72942036	72945099	72945100	72956979	72934892	72942035	11880	7144	73175002	phastConsE-73175002-73175703	NA	none	72940610	72952543	4.986583925	369	4878	11880	7144	0.001631854
56	TET3	chr2	protein_coding	+	2134	74046278	74048411	74003167	74046277	74048412	74073548	43111	25137	NA	none	NA	none	74030728	74053180	1.185915933	3263	16425	43111	25137	0.000937207
57	RNF103	chr2	protein_coding	-	2026	86603393	86605418	86605419	86612158	86563498	86603392	6740	39895	NA	none	NA	none	86599299	86609001	2.272080605	1180	9109	6740	39895	0.000493583
58	CCDC93	chr2	protein_coding	-	4919	117915478	117920396	117920397	117931036	117832378	117915477	10640	83100	NA	none	NA	none	117914974	117921136	3.400628701	1119	8902	10640	83100	0.001016467
59	NXPH2	chr2	protein_coding	-	2509	138669157	138671665	138671666	138780190	138573236	138669156	108525	95921	NA	none	NA	none	138667906	138673803	3.903293453	499	5708	108525	95921	0.001195695
60	KCNJ3	chr2	protein_coding	+	3626	154854727	154858352	154709851	154854726	154858353	154940340	144876	81988	NA	none	155794627	phastConsE-155794627-155795515	154854845	154858275	0.672185733	7429	28278	144876	81988	0.000827358
61	SDPR	chr2	protein_coding	-	2413	191834305	191836717	191836718	191846442	191710470	191834304	9725	123835	NA	none	NA	none	191826555	191836754	1.552774	2345	13477	9725	123835	0.001243266
62	SATB2	chr2	protein_coding	-	3173	199269500	199272672	199272673	199308759	198375098	199269499	36087	894402	NA	none	199431425	phastConsE-199430895-199431425	199270452	199271859	9.2915925	96	2427	36087	894402	0.000630318
63	PARD3B	chr2	protein_coding	+	4707	205615456	205620162	205553404	205615455	205620163	205682499	62052	62337	NA	none	NA	none	205616203	205619928	1.394876667	3652	17625	62052	62337	0.001912452
64	IRS1	chr2	protein_coding	-	4934	226731317	226736250	226736251	226794988	226658794	226731316	58738	72523	NA	none	NA	none	226731519	226735700	0.844806706	6504	25708	58738	72523	0.002229428
65	SH3BP4	chr2	protein_coding	+	2360	235040888	235043247	235035121	235040887	235043248	235052561	5767	9314	NA	none	NA	none	235041233	235041640	6.0849075	178	3325	5767	9314	0.000423729
66	LRRN1	chr3	protein_coding	+	5471	3844364	3849834	3801247	3844363	3849835	3982522	43117	132688	NA	none	NA	none	3844386	3849809	2.114814722	2359	13581	43117	132688	0.000731128
67	RAD18	chr3	protein_coding	-	4264	8877196	8881459	8881460	8890388	8769615	8877195	8929	107581	NA	none	NA	none	8877220	8881433	3.460191694	970	8215	8929	107581	0.003518649
68	HRH1	chr3	protein_coding	+	4251	11259003	11263253	11253219	11259002	11263254	11272323	5784	9070	NA	none	NA	none	11180682	11271802	4.812095233	551	6061	5784	9070	0.002822865
69	FGD5	chr3	protein_coding	+	2635	14818962	14821596	14811415	14818961	14821597	14864127	7547	42531	NA	none	NA	none	14719227	14888989	4.0945598	474	5555	7547	42531	0.000379507
70	NR1D2	chr3	protein_coding	+	3396	23977223	23980618	23968024	23977222	23980619	24096418	9199	115800	NA	none	NA	none	23973852	23980748	2.432502236	1434	10175	9199	115800	0.000294464
71	CX3CR1	chr3	protein_coding	-	3025	39263494	39266518	39266519	39279953	39192587	39263493	13435	70907	NA	none	NA	none	39261610	39266696	1.738439541	2211	13025	13435	70907	0.001322314
72	POMGNT2	chr3	protein_coding	-	2308	43079229	43081536	43081537	43105835	43057716	43079228	24299	21513	NA	none	NA	none	43071443	43084044	0.899939873	4735	20774	24299	21513	0.000866551
73	TCAIM	chr3	protein_coding	+	2007	44407442	44409448	44401335	44407441	44409449	44421131	6107	11683	NA	none	NA	none	44323998	44745821	6.150004772	143	2960	6107	11683	0
74	ZNF660	chr3	protein_coding	+	2052	44594014	44596065	44586214	44594013	44596066	44617127	7800	21062	NA	none	NA	none	44323998	44745821	5.785608427	171	3246	7800	21062	0.000974659
75	ZNF35	chr3	protein_coding	+	2091	44658701	44660791	44652702	44658700	44660792	44712642	5999	51851	NA	none	NA	none	44323998	44745821	3.415477192	561	6073	5999	51851	0.00143472
76	ZPLD1	chr3	protein_coding	+	2399	102477443	102479841	102470503	102477442	102479842	103240908	6940	761067	NA	none	NA	none	102395065	102494292	2.093473435	1481	10350	6940	761067	0.002085071
77	CBLB	chr3	protein_coding	-	3769	105655461	105659229	105659230	105670232	105576914	105655460	11003	78547	NA	none	NA	none	105655562	105659159	1.933441466	2137	12782	11003	78547	0.001326612
78	SEC22A	chr3	protein_coding	+	2615	123271522	123274136	123259590	123271521	123274137	123282295	11932	8159	NA	none	NA	none	123271622	123274130	2.395905639	1248	9402	11932	8159	0.000382409
79	CCDC14	chr3	protein_coding	-	2297	123913422	123915718	123915719	123931101	123884303	123913421	15383	29119	NA	none	NA	none	123913025	123918103	1.82971162	1794	11539	15383	29119	0.000870701
80	PRR23C	chr3	protein_coding	-	2791	139042102	139044892	139044893	139081490	139020927	139042101	36598	21175	NA	none	NA	none	139042161	139044812	1.134001996	3784	18001	36598	21175	0.000716589
81	WWTR1	chr3	protein_coding	-	3755	149517235	149520989	149520990	149526012	149503395	149517234	5023	13840	NA	none	NA	none	149515968	149527506	4.110029995	650	6602	5023	13840	0.001065246
82	COMMD2	chr3	protein_coding	-	3249	149738470	149741718	149741719	149750677	149703274	149738469	8959	35196	NA	none	NA	none	149738572	149741682	2.43538643	1391	10001	8959	35196	0.000615574
83	MME	chr3	protein_coding	+	3370	155180360	155183729	155172613	155180359	155183730	155241477	7747	57748	NA	none	NA	none	155180448	155183610	4.294447533	543	5988	7747	57748	0.002077151
84	C3orf80	chr3	protein_coding	+	2578	160225636	160228213	160207093	160225635	160228214	160256985	18543	28772	NA	none	NA	none	160224658	160230164	4.028274	480	5592	18543	28772	0.000775795
85	FNDC3B	chr3	protein_coding	+	3540	172397164	172400703	172381094	172397163	172400704	172424194	16070	23491	NA	none	NA	none	172397239	172400683	2.472006862	1437	10189	16070	23491	0.000282486
86	C3orf70	chr3	protein_coding	-	5514	185078050	185083563	185083564	185152627	185052615	185078049	69064	25435	NA	none	NA	none	185078713	185083277	1.881728992	2751	14866	69064	25435	0.003264418
87	FGF12	chr3	protein_coding	-	4735	192139393	192144127	192144128	192170457	192093379	192139392	26330	46014	NA	none	NA	none	192139569	192143732	1.34496075	3824	18138	26330	46014	0.001055966
88	MB21D2	chr3	protein_coding	-	2836	192796815	192799650	192799651	192917629	192727600	192796814	117979	69215	NA	none	NA	none	192796961	192798837	3.872277933	564	6100	117979	69215	0.002820874
89	FBXO45	chr3	protein_coding	+	4927	196584133	196589059	196577810	196584132	196589060	196631503	6323	42444	NA	none	NA	none	196584228	196588983	3.753325669	960	8188	6323	42444	0.00060889
90	NRROS	chr3	protein_coding	+	2253	196659752	196662004	196654648	196659751	196662005	196706276	5104	44272	NA	none	NA	none	196657994	196663703	3.077573522	726	6982	5104	44272	0.006216696
91	ZNF721	chr4	protein_coding	-	4449	439984	444432	444433	472574	426974	439983	28142	13010	NA	none	NA	none	438647	446090	1.603684712	2992	15605	28142	13010	0.002022927
92	WFS1	chr4	protein_coding	+	2609	6300657	6303265	6295190	6300656	6303266	6320577	5467	17312	NA	none	NA	none	6299555	6305528	2.81553757	946	8070	5467	17312	0.002299732
93	PPP2R2C	chr4	protein_coding	-	3016	6320578	6323593	6323594	6329261	6303266	6320577	5668	17312	NA	none	NA	none	6318792	6325662	3.307839663	792	7332	5668	17312	0.001657825
94	PSAPL1	chr4	protein_coding	-	4680	7430294	7434973	7434974	7460027	7396356	7430293	25054	33938	NA	none	NA	none	7428333	7435010	4.150487159	780	7308	25054	33938	0.002564103
95	DRD5	chr4	protein_coding	+	2376	9781634	9784009	9742367	9781633	9784010	9826223	39267	42214	NA	none	NA	none	9781086	9784497	1.81210657	1851	11746	39267	42214	0
96	CD38	chr4	protein_coding	+	4705	15848539	15853243	15840539	15848538	15853244	15864737	8000	11494	NA	none	NA	none	15848493	15853694	2.423109428	1784	11542	8000	11494	0.000850702
97	PCDH7	chr4	protein_coding	+	4329	31142473	31146801	30920346	31142472	31146802	31171143	222127	24342	NA	none	NA	none	31142573	31146759	1.002303685	5152	21949	222127	24342	0.000693001
98	TLR6	chr4	protein_coding	-	5834	38823704	38829537	38829538	38856760	38804383	38823703	27223	19321	NA	none	NA	none	38814262	39002519	1.608769325	3435	17001	27223	19321	0.003600206
99	GABRG1	chr4	protein_coding	-	5486	46035769	46041254	46041255	46051423	45995369	46035768	10169	40400	NA	none	NA	none	46031563	46046651	5.662416447	535	5998	10169	40400	0.002005469
100	SPATA18	chr4	protein_coding	+	2426	52094880	52097305	52085000	52094879	52097306	52590959	9880	493654	NA	none	NA	none	52093003	52099205	4.174137809	422	5225	9880	493654	0.001236603
101	CEP135	chr4	protein_coding	+	2004	56031360	56033363	56024615	56031359	56033364	56097390	6745	64027	NA	none	NA	none	56020586	56037352	4.293314982	334	4608	6745	64027	0.000499002
102	GNRHR	chr4	protein_coding	-	2273	67753814	67756086	67756087	67820875	67744788	67753813	64789	9026	NA	none	NA	none	67748053	67758655	4.093506135	415	5171	64789	9026	0.000440141
103	MUC7	chr4	protein_coding	+	2199	70480799	70482997	70474076	70480798	70482998	70518571	6723	35574	NA	none	NA	none	70479318	70494473	5.260601992	231	3803	6723	35574	0.001364256
104	UTP3	chr4	protein_coding	+	2073	70688479	70690551	70666632	70688478	70690552	70704936	21847	14385	NA	none	NA	none	70684913	70705937	3.748493281	461	5464	21847	14385	0.000964785
105	PARM1	chr4	protein_coding	+	3953	75046163	75050115	75033962	75046162	75050116	75355317	12201	305202	NA	none	NA	none	75046164	75050108	1.719797743	2571	14247	12201	305202	0.000758917
106	RCHY1	chr4	protein_coding	-	3630	75479037	75482666	75482667	75490580	75362567	75479036	7914	116470	NA	none	NA	none	75477921	75483859	2.841847867	1175	9113	7914	116470	0.001928375
107	SHROOM3	chr4	protein_coding	+	3166	76738761	76741926	76730936	76738760	76741927	76749016	7825	7090	NA	none	NA	none	76735618	76744724	5.233503419	347	4720	7825	7090	0.000947568
108	SOWAHB	chr4	protein_coding	-	2921	76894929	76897849	76897850	76949713	76783254	76894928	51864	111675	NA	none	NA	none	76884682	76901326	1.672020743	2297	13319	51864	111675	0.000684697
109	TIGD2	chr4	protein_coding	+	2085	89112817	89114901	89057196	89112816	89114902	89244277	55621	129376	NA	none	NA	none	89109387	89119046	0.989345407	4100	18938	55621	129376	0.000479616
110	GPRIN3	chr4	protein_coding	-	5956	89244278	89250233	89250234	89307614	89114902	89244277	57381	129376	NA	none	NA	none	89244433	89250155	2.988535484	1566	10762	57381	129376	0.001175285
111	CCSER1	chr4	protein_coding	+	3648	91598572	91602219	90923448	91598571	91602220	92181955	675124	579736	NA	none	NA	none	91596204	91603349	0.800091601	6199	24871	675124	579736	0.001644737
112	CXXC4	chr4	protein_coding	-	4061	104468306	104472366	104472367	104490743	103719817	104468305	18377	748489	NA	none	NA	none	104468329	104472339	2.887422571	1243	9412	18377	748489	0.000984979
113	ANK2	chr4	protein_coding	+	2284	113381457	113383740	113373450	113381456	113383741	113420322	8007	36582	NA	none	NA	none	113374478	113387793	1.779647862	1868	11809	8007	36582	0.000875657
114	ARSJ	chr4	protein_coding	-	3392	113900284	113903675	113903676	113978436	113761928	113900283	74761	138356	NA	none	NA	none	113900119	113909647	1.781531025	2263	13209	74761	138356	0
115	TRAM1L1	chr4	protein_coding	-	2027	117083554	117085580	117085581	117428397	116599809	117083553	342817	483745	NA	none	NA	none	117083592	117085416	7.807780757	77	2160	342817	483745	0.00049334
116	SPATA5	chr4	protein_coding	+	5563	123313888	123319450	123256181	123313887	123319451	123396794	57707	77344	NA	none	NA	none	123311580	123322298	2.23262598	2221	13115	57707	77344	0.000898796
117	FAT4	chr4	protein_coding	+	5175	125316412	125321586	124712733	125316411	125321587	125398783	603679	77197	NA	none	NA	none	125315904	125324743	0.816473781	6858	26683	603679	77197	0.00057971
118	PCDH10	chr4	protein_coding	+	4470	133190141	133194610	133163283	133190140	133194611	134196332	26858	1001722	NA	none	NA	none	133190043	133199041	1.10729261	4668	20580	26858	1001722	0.000447427
119	RNF150	chr4	protein_coding	-	2809	140865571	140868379	140868380	140911143	140756318	140865570	42764	109253	NA	none	141702469	phastConsE-141701031-141702469	140858624	140874419	1.833968375	1972	12186	42764	109253	0.001067996
120	DCHS2	chr4	protein_coding	-	2422	154489304	154491725	154491726	154523960	154391298	154489303	32235	98006	NA	none	NA	none	154483718	154491736	0.734580056	6060	24507	32235	98006	0
121	FSTL5	chr4	protein_coding	-	2558	161383892	161386449	161386450	161455003	159360151	161383891	68554	2023741	NA	none	NA	none	161384008	161386449	0.676777974	6717	26335	68554	2023741	0.002345582
122	TKTL2	chr4	protein_coding	-	2801	163471095	163473895	163473896	163494520	163351935	163471094	20625	119160	NA	none	NA	none	163471154	163473374	1.31856043	3122	15988	20625	119160	0.001785077
123	MFAP3L	chr4	protein_coding	-	5713	169986597	169992309	169992310	170001964	169975903	169986596	9655	10694	NA	none	NA	none	169986776	169992171	4.236339333	901	7934	9655	10694	0.001225276
124	GLRA3	chr4	protein_coding	-	2054	174642011	174644064	174644065	174659053	174522894	174642010	14989	119117	NA	none	NA	none	174638411	174645835	1.2867	2883	15235	14989	119117	0.000486855
125	ADAM29	chr4	protein_coding	+	2835	174975346	174978180	174948222	174975345	174978181	175494569	27124	516389	NA	none	NA	none	174973706	174984391	0.813709	5636	23312	27124	516389	0.003174603
126	ENPP6	chr4	protein_coding	-	2677	184088706	184091382	184091383	184097244	184073200	184088705	5862	15506	NA	none	NA	none	184085763	184093277	2.87319705	930	7993	5862	15506	0
127	UBE2QL1	chr5	protein_coding	+	5504	6491218	6496721	6449248	6491217	6496722	6582135	41970	85414	NA	none	NA	none	6491234	6496721	2.441458602	1958	12196	41970	85414	0.001635174
128	ADAMTS12	chr5	protein_coding	-	3832	33523535	33527366	33527367	33534832	33503328	33523534	7466	20207	NA	none	NA	none	33500803	33664663	2.706379739	1318	9718	7466	20207	0.000521921
129	RXFP3	chr5	protein_coding	+	2533	33936386	33938918	33892193	33936385	33938919	33944615	44193	5697	NA	none	NA	none	33933158	33941348	8.541714578	85	2267	44193	5697	0.001184366
130	TMEM267	chr5	protein_coding	-	2306	43444252	43446557	43446558	43453657	43412392	43444251	7100	31860	NA	none	NA	none	43426588	43448719	4.155859992	407	5121	7100	31860	0
131	SNX18	chr5	protein_coding	+	3408	54543179	54546586	54521005	54543178	54546587	54660157	22174	113571	NA	none	NA	none	54539205	54551643	3.847411068	670	6705	22174	113571	0.002053991
132	HTR1A	chr5	protein_coding	-	2245	63960048	63962292	63962293	64165842	63302045	63960047	203550	658003	NA	none	NA	none	63953953	63963618	1.002105725	4120	18994	203550	658003	0.001336303
133	RNF180	chr5	protein_coding	+	3255	64369615	64372869	64335932	64369614	64372870	64505946	33683	133077	NA	none	NA	none	64369375	64377205	1.525282717	2743	14793	33683	133077	0.00030722
134	ADAMTS6	chr5	protein_coding	-	3210	65148736	65151945	65151946	65170616	65018764	65148735	18671	129972	NA	none	NA	none	65143740	65155612	2.930570841	1023	8433	18671	129972	0.000623053
135	GCNT4	chr5	protein_coding	-	3436	75027464	75030899	75030900	75047718	74932011	75027463	16819	95453	NA	none	NA	none	75009457	75063094	5.02289596	410	5164	16819	95453	0.000291036
136	HOMER1	chr5	protein_coding	-	2374	79373824	79376197	79376198	79396822	79327216	79373823	20625	46608	NA	none	NA	none	79370265	79381442	3.867483231	484	5616	20625	46608	0.00042123
137	TMEM167A	chr5	protein_coding	-	4309	83052846	83057154	83057155	83064203	82859837	83052845	7049	193009	NA	none	NA	none	83052952	83057152	6.138155901	355	4807	7049	193009	0.001624507
138	EDIL3	chr5	protein_coding	-	2974	83940595	83943568	83943569	83963204	83721078	83940594	19636	219517	NA	none	NA	none	83940473	83944624	1.105849191	3993	18618	19636	219517	0.00134499
139	KIAA0825	chr5	protein_coding	-	3274	94150851	94154124	94154125	94384367	94111700	94150850	230243	39151	93545407	phastConsE-93545407-93545979	NA	none	94142387	94154596	0.633912747	7666	28946	230243	39151	0.001527184
140	RGMB	chr5	protein_coding	+	3410	98793085	98796494	98780089	98793084	98796495	98833379	12996	36885	NA	none	NA	none	98689133	98804345	1.821213083	2201	12995	12996	36885	0.002052786
141	GIN1	chr5	protein_coding	-	2173	103086000	103088172	103088173	103096540	103033062	103085999	8368	52938	NA	none	NA	none	103083706	103092185	1.953056196	1576	10717	8368	52938	0.000460193
142	TSSK1B	chr5	protein_coding	-	2478	113432554	113435031	113435032	113488244	113385213	113432553	53213	47341	NA	none	NA	none	113424777	113435366	1.122550769	3681	17692	53213	47341	0.00322841
143	CHSY3	chr5	protein_coding	+	2406	130184229	130186634	130142148	130184228	130186635	130386621	42081	199987	NA	none	NA	none	130182517	130189692	0.984040817	4300	19518	42081	199987	0.000831601
144	PURA	chr5	protein_coding	+	5294	140114123	140119416	140108013	140114122	140119417	140125935	6110	6519	NA	none	NA	none	140114015	140119518	2.920889675	1484	10422	6110	6519	0
145	PCDHA1	chr5	protein_coding	+	2718	141009627	141012344	140982564	141009626	141012345	141046204	27063	33860	NA	none	NA	none	141006939	141014693	0.689264143	6686	26243	27063	33860	0.000735835
146	PCDHB4	chr5	protein_coding	+	3874	141121750	141125623	141103828	141121749	141125624	141135205	17922	9582	NA	none	NA	none	141117630	141126627	2.497281544	1501	10451	17922	9582	0.000774393
147	ADRB2	chr5	protein_coding	+	2042	148826593	148828634	148654528	148826592	148828635	148982149	172065	153515	NA	none	NA	none	148826270	148828742	2.1288302	1325	9718	172065	153515	0.000489716
148	KIF4B	chr5	protein_coding	+	4378	155013755	155018132	154969412	155013754	155018133	155111143	44343	93011	NA	none	NA	none	155013988	155018116	0.614722467	8606	31525	44343	93011	0.001370489
149	GABRB2	chr5	protein_coding	-	6000	161288429	161294428	161294429	161326367	160938627	161288428	31939	349802	NA	none	NA	none	161287717	161295057	1.268953218	4570	20330	31939	349802	0.001166667
150	STK10	chr5	protein_coding	-	2953	172042070	172045022	172045023	172052928	172006874	172042069	7906	35196	NA	none	NA	none	172042186	172044527	5.896182006	250	3972	7906	35196	0.001693193
151	NSD1	chr5	protein_coding	+	2560	177209636	177212195	177204293	177209635	177212196	177235820	5343	23625	NA	none	NA	none	177207066	177214240	9.793660003	60	1900	5343	23625	0
152	ADAMTS2	chr5	protein_coding	-	3474	179110851	179114324	179114325	179121660	179083978	179110850	7336	26873	NA	none	NA	none	179110889	179114209	3.089862343	993	8303	7336	26873	0.001727116
153	MGAT1	chr5	protein_coding	-	2557	180790541	180793097	180793098	180802679	180740059	180790540	9582	50482	NA	none	NA	none	180788074	180798833	8.052467	100	2467	9582	50482	0.000782167
154	FOXQ1	chr6	protein_coding	+	2319	1312440	1314758	1101333	1312439	1314759	1389833	211107	75075	NA	none	NA	none	1308317	1317526	2.497688484	1081	8680	211107	75075	0
155	GFOD1	chr6	protein_coding	-	2308	13363355	13365662	13365663	13407909	13328584	13363354	42247	34771	NA	none	NA	none	13361835	13366003	2.625110461	988	8258	42247	34771	0.001733102
156	RBM24	chr6	protein_coding	+	2116	17291756	17293871	17284712	17291755	17293872	17393504	7044	99633	NA	none	NA	none	17277285	17295941	3.519709314	533	5908	7044	99633	0.00047259
157	NHLRC1	chr6	protein_coding	-	2134	18120487	18122620	18122621	18128310	17987624	18120486	5690	132863	NA	none	NA	none	18055600	18222846	5.409762641	210	3613	5690	132863	0.000468604
158	HDGFL1	chr6	protein_coding	+	2214	22569449	22571662	22302854	22569448	22571663	22643509	266595	71847	NA	none	NA	none	22435582	22625407	2.585491534	989	8262	266595	71847	0.001806685
159	TRIM38	chr6	protein_coding	+	4166	25983164	25987329	25973286	25983163	25987330	26017031	9878	29702	NA	none	NA	none	25978621	25992943	5.372996423	441	5384	9878	29702	0.002640422
160	RNF8	chr6	protein_coding	+	3997	37390742	37394738	37381355	37390741	37394739	37433130	9387	38392	NA	none	NA	none	37390563	37395592	1.850962332	2344	13494	9387	38392	0.001501126
161	SUPT3H	chr6	protein_coding	-	3128	44826730	44829857	44829858	44932652	44551882	44826729	102795	274848	NA	none	NA	none	44823251	44838954	0.742033742	6415	25478	102795	274848	0.001279181
162	CD2AP	chr6	protein_coding	+	3078	47624186	47627263	47612537	47624185	47627264	47656589	11649	29326	NA	none	NA	none	47615609	47631978	4.272248605	503	5746	11649	29326	0.001299545
163	FAM83B	chr6	protein_coding	+	5394	54939706	54945099	54927633	54939705	54945100	55106459	12073	161360	NA	none	NA	none	54939588	54945305	1.990615845	2529	14142	12073	161360	0.001853912
164	HTR1B	chr6	protein_coding	-	3175	77460848	77464022	77464023	77650273	76663400	77460847	186251	797448	78312305	phastConsE-78312305-78313058	NA	none	77459007	77472486	1.376465432	3106	15942	186251	797448	0.000314961
165	MEI4	chr6	protein_coding	+	3954	77923089	77927042	77829063	77923088	77927043	78867543	94026	940501	NA	none	NA	none	77920116	77928953	2.168407785	1870	11838	94026	940501	0.001264542
166	BVES	chr6	protein_coding	-	4392	105096822	105101213	105101214	105115685	105083333	105096821	14472	13489	NA	none	NA	none	105093146	105104208	2.388314412	1740	11374	14472	13489	0.001593807
167	PDSS2	chr6	protein_coding	-	2221	107152557	107154777	107154778	107210438	107114433	107152556	55661	38124	NA	none	NA	none	107151232	107156184	3.75527631	486	5624	55661	38124	0.001800991
168	SOBP	chr6	protein_coding	+	3103	107658207	107661309	107635470	107658206	107661310	107702156	22737	40847	NA	none	NA	none	107655305	107663116	1.053505186	4299	19512	22737	40847	0.001289075
169	FOXO3	chr6	protein_coding	+	4942	108679827	108684768	108664890	108679826	108684769	108751653	14937	66885	NA	none	NA	none	108569159	108689305	1.499936366	3427	16956	14937	66885	0.000404694
170	MCM9	chr6	protein_coding	-	2846	118813449	118816294	118816295	118826146	118783421	118813448	9852	30028	NA	none	NA	none	118801519	118819669	7.389500082	143	2973	9852	30028	0.001405481
171	GJA1	chr6	protein_coding	+	2913	121446832	121449744	121435833	121446831	121449745	121653738	10999	203994	NA	none	NA	none	121445140	121451837	5.33088526	305	4408	10999	203994	0.000686577
172	TRDN	chr6	protein_coding	-	2402	123216339	123218740	123218741	123331878	123072921	123216338	113138	143418	NA	none	NA	none	123210569	123221523	0.765399361	5775	23712	113138	143418	0.000832639
173	TRDN	chr6	protein_coding	-	3112	123349475	123352586	123352587	123393623	123337670	123349474	41037	11805	NA	none	NA	none	123349488	123352257	1.614524537	2486	13954	41037	11805	0.001928021
174	AKAP7	chr6	protein_coding	+	2006	131281530	131283535	131253106	131281529	131283536	131469018	28424	185483	NA	none	NA	none	131278971	131286781	1.89110777	1599	10805	28424	185483	0.001994018
175	OLIG3	chr6	protein_coding	-	2196	137492199	137494394	137494395	137543501	137219431	137492198	49107	272768	NA	none	137735488	phastConsE-137734845-137735488	137491024	137495846	1.031566969	3947	18486	49107	272768	0.001822323
176	GVQW2	chr6	protein_coding	-	2283	138725211	138727493	138727494	138750127	138697289	138725210	22634	27922	NA	none	NA	none	138718692	138729736	1.721304905	1966	12160	22634	27922	0.003066141
177	STX11	chr6	protein_coding	+	5317	144186623	144191939	144150704	144186622	144191940	144216546	35919	24607	NA	none	NA	none	144158462	144206525	1.442152638	3725	17858	35919	24607	0.00094038
178	UTRN	chr6	protein_coding	+	2046	144850989	144853034	144840833	144850988	144853035	145182722	10156	329688	NA	none	NA	none	144850299	144894872	2.413676662	1067	8614	10156	329688	0.000977517
179	UST	chr6	protein_coding	+	3158	149073833	149076990	149032662	149073832	149076991	149111787	41171	34797	NA	none	NA	none	149071995	149077642	1.010194275	4547	20226	41171	34797	0.000949968
180	TAB2	chr6	protein_coding	+	2037	149409577	149411613	149401047	149409576	149411614	149447629	8530	36016	NA	none	NA	none	149409221	149431105	2.392452725	1081	8677	8530	36016	0.000490918
181	IPCEF1	chr6	protein_coding	-	5558	154154483	154160040	154160041	154167919	154132355	154154482	7879	22128	NA	none	NA	none	154149752	154160933	9.873629052	184	3460	7879	22128	0.001439367
182	PARK2	chr6	protein_coding	-	2654	161347558	161350211	161350212	161360087	161274076	161347557	9876	73482	NA	none	NA	none	161347581	161349602	3.61651213	607	6342	9876	73482	0.003391108
183	PAPOLB	chr7	protein_coding	-	4257	4857738	4861994	4861995	4877604	4836606	4857737	15610	21132	NA	none	NA	none	4852861	4869710	1.729520732	2654	14523	15610	21132	0.000469814
184	ZNF316	chr7	protein_coding	+	5977	6652303	6658279	6644594	6652302	6658280	6688432	7709	30153	NA	none	NA	none	6652369	6658221	2.618120066	1884	11945	7709	30153	0.001840388
185	DGKB	chr7	protein_coding	-	4190	14145049	14149238	14149239	14175972	14071400	14145048	26734	73649	NA	none	NA	none	14145094	14149232	0.97521992	5245	22208	26734	73649	0.001193317
186	ISPD	chr7	protein_coding	-	4273	16087527	16091799	16091800	16208914	15696893	16087526	117115	390634	NA	none	NA	none	16072711	16097189	4.543125311	614	6419	117115	390634	0.00117096
187	SP4	chr7	protein_coding	+	3801	21511022	21514822	21482124	21511021	21514823	21543214	28898	28392	NA	none	NA	none	21424112	21535600	7.261769481	217	3710	28898	28392	0.000263089
188	PDE1C	chr7	protein_coding	-	2375	31751179	31753553	31753554	31775663	31708456	31751178	22110	42723	NA	none	NA	none	31748436	31758539	0.902786865	4755	20828	22110	42723	0.002105263
189	BMPER	chr7	protein_coding	+	2781	34153092	34155872	34143361	34153091	34155873	34346511	9731	190639	NA	none	NA	none	34139063	34196594	4.466401166	419	5205	9731	190639	0.000719166
190	GPR141	chr7	protein_coding	+	3442	37740380	37743821	37730039	37740379	37743822	37848596	10341	104775	NA	none	NA	none	37714818	37911533	3.113392062	974	8214	10341	104775	0.002614759
191	CRCP	chr7	protein_coding	+	2361	66152208	66154568	66145501	66152207	66154569	66205271	6707	50703	NA	none	NA	none	66150493	66156312	2.171926232	1383	9958	6707	50703	0.000847099
192	YWHAG	chr7	protein_coding	-	3443	76326791	76330233	76330234	76358721	76304298	76326790	28488	22493	NA	none	NA	none	76323369	76331121	3.355486469	858	7667	28488	22493	0.000580889
193	MAGI2	chr7	protein_coding	-	2920	78017057	78019976	78019977	78078946	77957505	78017056	58970	59552	NA	none	NA	none	78011844	78024039	1.365621045	3031	15705	58970	59552	0.000684932
194	FZD1	chr7	protein_coding	+	4350	91264468	91268817	91210591	91264467	91268818	91872875	53877	604058	NA	none	NA	none	91264507	91268813	1.598116628	2971	15537	53877	604058	0.000689655
195	AKAP9	chr7	protein_coding	+	2388	92000848	92003235	91995801	92000847	92003236	92012428	5047	9193	NA	none	NA	none	91999298	92003275	2.415778775	1165	9049	5047	9193	0.001256281
196	TRIM4	chr7	protein_coding	-	2340	99890407	99892746	99892747	99903217	99877034	99890406	10471	13373	NA	none	NA	none	99886105	99897512	1.613884344	2188	12941	10471	13373	0.001282051
197	LRRN3	chr7	protein_coding	+	3040	111122415	111125454	111099963	111122414	111125455	111487237	22452	361783	NA	none	NA	none	110821269	111182741	1.230737852	3523	17219	22452	361783	0.001973684
198	CAV2	chr7	protein_coding	+	2571	116505971	116508541	116500448	116505970	116508542	116524784	5523	16243	NA	none	NA	none	116506016	116508498	3.043342872	815	7439	5523	16243	0.000388954
199	KCND2	chr7	protein_coding	+	2080	120273668	120275747	119907376	120273667	120275748	120732902	366292	457155	NA	none	NA	none	120273729	120275615	1.642923376	2028	12380	366292	457155	0.000961538
200	GPR37	chr7	protein_coding	-	2072	124763954	124766025	124766026	124777291	124747344	124763953	11266	16610	NA	none	NA	none	124759029	124777193	6.078717939	153	3066	11266	16610	0.000965251
201	NRF1	chr7	protein_coding	+	2065	129755018	129757082	129744230	129755017	129757083	129770382	10788	13300	NA	none	NA	none	129753552	129758917	8.733118474	58	1870	10788	13300	0.000968992
202	C7orf49	chr7	protein_coding	-	2274	135092309	135094582	135094583	135115379	135081791	135092308	20797	10518	NA	none	NA	none	135092218	135094617	3.282566842	646	6556	20797	10518	0
203	MTPN	chr7	protein_coding	-	3258	135926755	135930012	135930013	135950598	135748847	135926754	20586	177908	NA	none	NA	none	135926762	135930000	1.280761109	3444	16980	20586	177908	0.001227747
204	CTAGE15	chr7	protein_coding	+	2587	143571801	143574387	143533211	143571800	143574388	143598037	38590	23650	NA	none	NA	none	143534839	143602164	1.428372211	2715	14699	38590	23650	0
205	CNTNAP2	chr7	protein_coding	+	5582	148415417	148420998	148409472	148415416	148420999	148590564	5945	169566	NA	none	NA	none	148415780	148420959	4.946484678	686	6848	5945	169566	0.001433178
206	ZNF425	chr7	protein_coding	-	2783	149102784	149105566	149105567	149112136	149090778	149102783	6570	12006	NA	none	NA	none	149102888	149105374	9.621617568	72	2086	6570	12006	0.002155947
207	HTR5A	chr7	protein_coding	+	3238	155084155	155087392	155071558	155084154	155087393	155181880	12597	94488	NA	none	NA	none	155082730	155090564	1.455899682	2911	15329	12597	94488	0.000308833
208	MCPH1	chr8	protein_coding	+	5512	6642994	6648505	6627311	6642993	6648506	6708140	15683	59635	NA	none	NA	none	6643008	6648475	2.244708851	2192	13016	15683	59635	0.00308418
209	MFHAS1	chr8	protein_coding	-	3561	8890061	8893621	8893622	8933677	8797492	8890060	40056	92569	NA	none	NA	none	8890166	8893596	7.96847955	162	3190	40056	92569	0
210	ERI1	chr8	protein_coding	+	3548	9029792	9033339	9020465	9029791	9033340	9048444	9327	15105	NA	none	NA	none	9021980	9041825	3.506199723	816	7461	9327	15105	0
211	PPP1R3B	chr8	protein_coding	-	5415	9136254	9141668	9141669	9150562	9048519	9136253	8894	87735	NA	none	NA	none	9136264	9141651	2.438215783	1940	12131	8894	87735	0
212	TNKS	chr8	protein_coding	+	5697	9776650	9782346	9770263	9776649	9782347	9900063	6387	117717	NA	none	NA	none	9775372	9806842	4.337279452	866	7765	6387	117717	0
213	XKR6	chr8	protein_coding	-	2773	10896144	10898916	10898917	10924633	10846510	10896143	25717	49634	NA	none	NA	none	10893409	10901865	2.899024371	938	8034	25717	49634	0
214	FAM167A	chr8	protein_coding	-	3173	11421464	11424636	11424637	11433919	11401166	11421463	9283	20298	NA	none	NA	none	11364859	11455979	2.730739651	1140	8952	9283	20298	0
215	SGCZ	chr8	protein_coding	-	5803	14084835	14090637	14090638	14102375	14023440	14084834	11738	61395	NA	none	NA	none	14084837	14090632	2.091853794	2480	13994	11738	61395	0.001378597
216	MTUS1	chr8	protein_coding	-	2245	17753717	17755961	17755962	17800597	17743800	17753716	44636	9917	NA	none	NA	none	17753738	17755931	3.117088595	707	6881	44636	9917	0.000890869
217	SCARA5	chr8	protein_coding	-	2189	27869882	27872070	27872071	27879568	27838096	27869881	7498	31786	NA	none	NA	none	27864324	27875839	3.407818223	584	6204	7498	31786	0.000913659
218	RAB11FIP1	chr8	protein_coding	-	4167	37858947	37863113	37863114	37870419	37849914	37858946	7306	9033	NA	none	NA	none	37858639	37864787	2.564436077	1515	10513	7306	9033	0.00144023
219	SNTG1	chr8	protein_coding	+	3986	50792671	50796656	50762866	50792670	50796657	51319576	29805	522920	NA	none	NA	none	50690189	50810717	1.441905061	3241	16369	29805	522920	0.002007025
220	FAM110B	chr8	protein_coding	+	3812	58145907	58149718	58113666	58145906	58149719	58255770	32241	106052	NA	none	NA	none	58142352	58151078	1.616553478	2739	14789	32241	106052	0.001573977
221	ASPH	chr8	protein_coding	-	2571	61623710	61626280	61626281	61637946	61584030	61623709	11666	39680	NA	none	NA	none	61618992	61628781	2.669033798	1028	8447	11666	39680	0.001166861
222	YTHDF3	chr8	protein_coding	+	3106	63209683	63212788	63187746	63209682	63212789	63408974	21937	196186	NA	none	NA	none	63208195	63215667	3.365179012	787	7305	21937	196186	0
223	XKR9	chr8	protein_coding	+	2147	70733796	70735942	70707154	70733795	70735943	71197432	26642	461490	NA	none	71963789	phastConsE-71963789-71964309	70731169	70742796	2.338415312	1159	9019	26642	461490	0.000931532
224	KCNB2	chr8	protein_coding	+	2415	72935935	72938349	72751844	72935934	72938350	73008861	184091	70512	NA	none	NA	none	72935378	72939556	1.526479837	2404	13676	184091	70512	0.000828157
225	DCAF4L2	chr8	protein_coding	-	3326	87870743	87874068	87874069	88037231	87789711	87870742	163163	81032	89044407	phastConsE-89044407-89044939	NA	none	87865976	87881002	1.504268545	2822	15047	163163	81032	0.000601323
226	BAALC	chr8	protein_coding	+	2317	103227989	103230305	103213086	103227988	103230306	103298432	14903	68127	NA	none	NA	none	103145148	103294088	1.391644025	2697	14638	14903	68127	0.001294778
227	ZHX2	chr8	protein_coding	+	2737	122951292	122954028	122863540	122951291	122954029	122973241	87752	19213	NA	none	NA	none	122915273	122996657	5.738386452	243	3909	87752	19213	0.002192181
228	LRRC6	chr8	protein_coding	-	2062	132570419	132572480	132572481	132578407	132561480	132570418	5927	8939	NA	none	NA	none	132568696	132575619	7.407574682	91	2352	5927	8939	0.000484966
229	ZNF251	chr8	protein_coding	-	2474	144720909	144723382	144723383	144753682	144685813	144720908	30300	35096	NA	none	NA	none	144720854	144723509	0.85314954	5140	21922	30300	35096	0
230	CCDC171	chr9	protein_coding	+	2431	15971609	15974039	15920423	15971608	15974040	16203934	51186	229895	NA	none	NA	none	15970684	15976560	2.365675549	1220	9284	51186	229895	0
231	KLHL9	chr9	protein_coding	-	5762	21329671	21335432	21335433	21350317	21305314	21329670	14885	24357	NA	none	NA	none	21326832	21360133	1.759272071	3064	15863	14885	24357	0.000867754
232	TUSC1	chr9	protein_coding	-	2470	25676389	25678858	25678859	25780055	25089152	25676388	101197	587237	NA	none	NA	none	25670059	25682798	2.8253937	906	7878	101197	587237	0.000809717
233	MOB3B	chr9	protein_coding	-	5408	27325209	27330616	27330617	27359033	27297140	27325208	28417	28069	NA	none	NA	none	27325220	27330518	2.997910804	1452	10299	28417	28069	0.00147929
234	LINGO2	chr9	protein_coding	-	2621	27948086	27950706	27950707	28012354	27610968	27948085	61648	337118	NA	none	NA	none	27919726	27972555	2.072863251	1578	10728	61648	337118	0.000381534
235	KLF9	chr9	protein_coding	-	3409	70384597	70388005	70388006	70412858	70354874	70384596	24853	29723	NA	none	NA	none	70374474	70393027	1.331446276	3341	16669	24853	29723	0.000293341
236	TRPM3	chr9	protein_coding	-	2373	70535033	70537405	70537406	70549541	70414658	70535032	12136	120375	NA	none	NA	none	70535040	70537398	1.698512937	2040	12426	12136	120375	0.000842815
237	PRUNE2	chr9	protein_coding	-	3225	76611376	76614600	76614601	76629191	76549814	76611375	14591	61562	NA	none	NA	none	76610416	76614804	4.180337992	548	6014	14591	61562	0.001550388
238	NTRK2	chr9	protein_coding	+	5167	84810542	84815708	84752086	84810541	84815709	84867242	58456	51534	NA	none	NA	none	84810639	84815644	3.439549247	1144	9017	58456	51534	0.000387072
239	C9orf170	chr9	protein_coding	+	3154	87156573	87159726	87148899	87156572	87159727	87497227	7674	337501	NA	none	NA	none	87040582	87217126	2.039544769	1791	11537	7674	337501	0.002536462
240	SPIN1	chr9	protein_coding	+	3631	88475078	88478708	88468606	88475077	88478709	88535100	6472	56392	NA	none	91099766	phastConsE-91099766-91100269	88474797	88483291	3.496288941	836	7560	6472	56392	0.000275406
241	SYK	chr9	protein_coding	+	3033	90895528	90898560	90888628	90895527	90898561	91063293	6900	164733	NA	none	NA	none	90891740	90901050	3.417560235	751	7122	6900	164733	0.001318826
242	ZNF484	chr9	protein_coding	-	3521	92845031	92848551	92848552	92855810	92838458	92845030	7259	6573	NA	none	NA	none	92841157	92852223	5.274863697	382	4978	7259	6573	0.000852031
243	CDC14B	chr9	protein_coding	-	3677	96500113	96503789	96503790	96509672	96491337	96500112	5883	8776	NA	none	NA	none	96500163	96503754	2.533978133	1418	10119	5883	8776	0.000543922
244	NR4A3	chr9	protein_coding	+	3272	99863620	99866891	99847616	99863619	99866892	99886316	16004	19425	NA	none	NA	none	99863628	99866866	1.58176839	2618	14389	16004	19425	0
245	PALM2-AKAP2	chr9	protein_coding	+	4114	110168399	110172512	110156498	110168398	110172513	110198522	11901	26010	NA	none	NA	none	110167753	110174610	2.093928749	2011	12350	11901	26010	0.002430724
246	MVB12B	chr9	protein_coding	+	3865	126503177	126507041	126484033	126503176	126507042	126614442	19144	107401	NA	none	NA	none	126500175	126507101	2.347879031	1643	10996	19144	107401	0.001293996
247	ZBTB43	chr9	protein_coding	+	5724	126832487	126838210	126808916	126832486	126838211	126860664	23571	22454	NA	none	NA	none	126832493	126838135	3.147255385	1413	10152	23571	22454	0.001222921
248	LRRC8A	chr9	protein_coding	+	2165	128907157	128909321	128886122	128907156	128909322	128916095	21035	6774	NA	none	NA	none	128901780	128910989	2.2025812	1290	9573	21035	6774	0.001847575
249	IER5L	chr9	protein_coding	-	2710	129175552	129178261	129178262	129282415	129148947	129175551	104154	26605	NA	none	NA	none	129175367	129180538	1.402003742	2838	15094	104154	26605	0
250	NCS1	chr9	protein_coding	+	4315	130232990	130237304	130226505	130232989	130237305	130265878	6485	28574	NA	none	NA	none	130194109	130238715	9.700364117	135	2926	6485	28574	0.001854427
251	FAM78A	chr9	protein_coding	-	3273	131258078	131261350	131261351	131275856	131234671	131258077	14506	23407	NA	none	NA	none	131257084	131262651	1.959423191	1939	12076	14506	23407	0.004582951
252	PFKFB3	chr10	protein_coding	+	2651	6232895	6235545	6226366	6232894	6235546	6292905	6529	57360	NA	none	NA	none	6231245	6235756	3.433515707	668	6682	6529	57360	0.004149378
253	SFMBT2	chr10	protein_coding	-	5287	7158624	7163910	7163911	7170927	6842907	7158623	7017	315717	NA	none	NA	none	6968320	7166998	3.108333592	1355	9904	7017	315717	0.004540295
254	USP6NL	chr10	protein_coding	-	3340	11460510	11463849	11463850	11481769	11344675	11460509	17920	115835	NA	none	NA	none	11459143	11466981	2.878282487	1084	8711	17920	115835	0.000898204
255	CCDC3	chr10	protein_coding	-	2055	12896625	12898679	12898680	12998337	12835546	12896624	99658	61079	NA	none	NA	none	12772979	12949194	2.331877913	1137	8921	99658	61079	0.001946472
256	RSU1	chr10	protein_coding	-	2881	16590616	16593496	16593497	16695022	16522006	16590615	101526	68610	NA	none	NA	none	16583756	16601882	6.179615582	219	3707	101526	68610	0.000694203
257	OTUD1	chr10	protein_coding	+	3113	23439269	23442381	23393468	23439268	23442382	23694745	45801	252364	NA	none	NA	none	23439280	23442376	1.094320887	4112	18965	45801	252364	0.000321234
258	MKX	chr10	protein_coding	-	2542	27672874	27675415	27675416	27734455	27542238	27672873	59040	130636	NA	none	NA	none	27630795	27683624	1.352826168	2905	15306	59040	130636	0.000786782
259	PARD3	chr10	protein_coding	-	2003	34109560	34111562	34111563	34119612	33772681	34109559	8050	336879	NA	none	NA	none	34101684	34116969	1.913805631	1568	10682	8050	336879	0.000499251
260	ZNF37A	chr10	protein_coding	+	3538	38146732	38150269	38123353	38146731	38150270	38175670	23379	25401	NA	none	NA	none	38139194	38157505	1.711538511	2444	13820	23379	25401	0.001130582
261	CSGALNACT2	chr10	protein_coding	+	2059	43183250	43185308	43176033	43183249	43185309	43194532	7217	9224	NA	none	NA	none	43174483	43214900	2.530164935	984	8238	7217	9224	0
262	HNRNPF	chr10	protein_coding	-	2320	43385617	43387936	43387937	43394629	43376336	43385616	6693	9281	NA	none	NA	none	43341030	43396064	2.203529869	1338	9773	6693	9281	0.000431034
263	CSTF2T	chr10	protein_coding	-	4110	51695486	51699595	51699596	51804584	51467837	51695485	104989	227649	NA	none	NA	none	51695500	51699471	1.631552158	2811	15025	104989	227649	0.001459854
264	ANK3	chr10	protein_coding	-	3529	60026298	60029826	60029827	60042671	59960914	60026297	12845	65384	NA	none	NA	none	60025185	60044636	1.47532862	2974	15533	12845	65384	0.000566733
265	LRRTM3	chr10	protein_coding	+	3965	67097587	67101551	67012353	67097586	67101552	67175484	85234	73933	NA	none	NA	none	66980895	68915568	0.67828988	7562	28638	85234	73933	0.001261034
266	LRRC20	chr10	protein_coding	-	2539	70298970	70301508	70301509	70323862	70266392	70298969	22354	32578	NA	none	NA	none	70290419	70304625	1.055571725	4009	18666	22354	32578	0.00394011
267	ZCCHC24	chr10	protein_coding	-	4134	79382325	79386458	79386459	79394275	79355335	79382324	7817	26990	NA	none	NA	none	79382328	79386400	2.801566588	1319	9729	7817	26990	0.002418965
268	CCSER2	chr10	protein_coding	+	5073	84513449	84518521	84499960	84513448	84518522	84560418	13489	41897	NA	none	NA	none	84509283	84518935	3.068912932	1338	9830	13489	41897	0.000788488
269	CPEB3	chr10	protein_coding	-	3800	92048640	92052439	92052440	92081319	92030326	92048639	28880	18314	NA	none	NA	none	92048716	92052299	1.630626111	2704	14675	28880	18314	0
270	FRAT1	chr10	protein_coding	+	2651	97319265	97321915	97310047	97319264	97321916	97332496	9218	10581	NA	none	NA	none	97316456	97324042	5.265427459	283	4231	9218	10581	0.001886081
271	FRAT2	chr10	protein_coding	-	2205	97332497	97334701	97334702	97356700	97321916	97332496	21999	10581	NA	none	NA	none	97331143	97343020	1.517020738	2339	13454	21999	10581	0.004081633
272	RPEL1	chr10	protein_coding	+	2130	103245887	103248016	103193307	103245886	103248017	103277162	52580	29146	NA	none	NA	none	103235870	103248881	0.810315907	5252	22245	52580	29146	0.000471698
273	STN1	chr10	protein_coding	-	5284	103877558	103882841	103882842	103889071	103855407	103877557	6230	22151	NA	none	NA	none	103877673	103882831	5.154336887	606	6404	6230	22151	0.000567752
274	ADRA2A	chr10	protein_coding	+	3876	111077032	111080907	111013668	111077031	111080908	112149863	63364	1068956	NA	none	113002299	phastConsE-113002299-113002810	111076862	111081872	1.094197253	4467	19999	63364	1068956	0.001031992
275	ADRB1	chr10	protein_coding	+	2862	114044047	114046908	113912507	114044046	114046909	114117107	131540	70199	NA	none	NA	none	114042558	114047828	2.035207816	1703	11205	131540	70199	0.000698812
276	ATRNL1	chr10	protein_coding	+	4342	115944658	115948999	115847992	115944657	115949000	116056924	96666	107925	NA	none	NA	none	115944829	115948966	3.77985001	852	7659	96666	107925	0.001842469
277	RAB11FIP2	chr10	protein_coding	-	4310	118004916	118009225	118009226	118033981	117549547	118004915	24756	455369	NA	none	119311302	phastConsE-119310761-119311302	118004919	118009202	1.80554671	2525	14104	24756	455369	0.001160093
278	ATE1	chr10	protein_coding	-	3438	121740421	121743858	121743859	121790168	121714038	121740420	46310	26383	NA	none	NA	none	121738613	121746968	1.126558708	4120	18990	46310	26383	0.001454334
279	TOLLIP	chr11	protein_coding	-	2886	1274368	1277253	1277254	1286001	1262177	1274367	8748	12191	NA	none	NA	none	1272795	1286446	3.275377945	779	7263	8748	12191	0.001386001
280	OR51E1	chr11	protein_coding	+	3001	4652488	4655488	4644031	4652487	4655489	4680170	8457	24682	NA	none	NA	none	4650373	4661216	5.740328413	270	4134	8457	24682	0.001332889
281	OR51E2	chr11	protein_coding	-	2591	4680171	4682761	4682762	4697652	4655489	4680170	14891	24682	NA	none	NA	none	4675871	4686527	5.066459373	300	4362	14891	24682	0.001543805
282	ZNF215	chr11	protein_coding	+	2358	6955690	6958047	6943642	6955689	6958048	6999317	12048	41270	NA	none	NA	none	6954751	6959319	6.677280972	143	2960	12048	41270	0.001272265
283	RBMXL2	chr11	protein_coding	+	2215	7088934	7091148	7071527	7088933	7091149	7234765	17407	143617	NA	none	NA	none	6989051	7187729	2.202414261	1306	9640	17407	143617	0.001354402
284	RASSF10	chr11	protein_coding	+	2684	13009423	13012106	12989549	13009422	13012107	13277726	19874	265620	NA	none	NA	none	13008373	13013158	1.849470636	1903	11939	19874	265620	0.000745156
285	FANCF	chr11	protein_coding	-	3309	22622533	22625841	22625842	22666613	22492020	22622532	40772	130513	NA	none	NA	none	22605589	22633652	1.46803684	2907	15319	40772	130513	0
286	FIBIN	chr11	protein_coding	+	3007	26994081	26997087	26722028	26994080	26997088	27040961	272053	43874	NA	none	NA	none	26980346	27011280	2.294924626	1455	10253	272053	43874	0.002327902
287	CD44	chr11	protein_coding	+	3274	35229129	35232402	35223321	35229128	35232403	35251204	5808	18802	NA	none	NA	none	35217207	35243076	2.571663072	1283	9560	5808	18802	0.00091631
288	FJX1	chr11	protein_coding	+	2687	35618187	35620873	35530301	35618186	35620874	35662751	87886	41878	NA	none	NA	none	35615793	35624887	1.701802482	2153	12824	87886	41878	0.001860811
289	TRIM44	chr11	protein_coding	+	4696	35806358	35811053	35726164	35806357	35811054	35860184	80194	49131	NA	none	NA	none	35806499	35810883	1.501109429	3338	16679	80194	49131	0.002555366
290	PRR5L	chr11	protein_coding	+	2863	36462342	36465204	36451336	36462341	36465205	36483766	11006	18562	NA	none	NA	none	36459814	36468935	2.872666764	975	8206	11006	18562	0.00174642
291	LRRC4C	chr11	protein_coding	-	2136	40114199	40116334	40116335	40140800	40084595	40114198	24466	29604	NA	none	NA	none	40105987	40122386	0.768092453	5591	23202	24466	29604	0
292	SHANK2	chr11	protein_coding	-	5584	70467856	70473439	70473440	70485313	70436585	70467855	11874	31271	NA	none	NA	none	68894548	70829221	3.400852987	1238	9430	11874	31271	0.000537249
293	UVRAG	chr11	protein_coding	+	3528	76140711	76144238	76116016	76140710	76144239	76186325	24695	42087	NA	none	NA	none	76128276	76150652	1.575635419	2728	14749	24695	42087	0.00170068
294	THAP12	chr11	protein_coding	-	2839	76349956	76352794	76352795	76360955	76235897	76349955	8161	114059	NA	none	NA	none	76343289	76357349	3.702535688	614	6386	8161	114059	0
295	CCDC89	chr11	protein_coding	-	2434	85683844	85686277	85686278	85694220	85665139	85683843	7943	18705	NA	none	NA	none	85681293	85689010	2.410006695	1183	9127	7943	18705	0.002054232
296	NOX4	chr11	protein_coding	-	2524	89324353	89326876	89326877	89335844	89295760	89324352	8968	28593	NA	none	NA	none	89285125	89329999	3.513418442	615	6388	8968	28593	0.00118859
297	SLC36A4	chr11	protein_coding	-	4674	93144171	93148844	93148845	93154107	93052875	93144170	5263	91296	NA	none	NA	none	93144263	93148737	3.175805895	1194	9218	5263	91296	0.001069748
298	KDM4E	chr11	protein_coding	+	2339	95025258	95027596	94999515	95025257	95027597	95037428	25743	9832	NA	none	NA	none	95022062	95030508	1.597166557	2222	13056	25743	9832	0.000429
299	ENDOD1	chr11	protein_coding	+	4275	95128377	95132651	95090228	95128376	95132652	95150538	38149	17887	NA	none	NA	none	95126083	95133126	2.58674125	1522	10543	38149	17887	0.001403509
300	DDI1	chr11	protein_coding	+	2615	104036580	104039194	104000256	104036579	104039195	104163803	36324	124609	NA	none	NA	none	104036528	104040109	0.807118135	5561	23106	36324	124609	0.003059273
301	KDM5A	chr12	protein_coding	-	5606	280057	285662	285663	292758	262874	280056	7096	17183	NA	none	NA	none	280117	285596	4.368056879	844	7655	7096	17183	0.001783803
302	KCNA6	chr12	protein_coding	+	5603	4809176	4814778	4772727	4809175	4814779	4850737	36449	35959	NA	none	NA	none	4802087	4818632	2.096376985	2421	13792	36449	35959	0.001784758
303	KCNA5	chr12	protein_coding	+	2870	5043919	5046788	5032942	5043918	5046789	5233995	10977	187207	NA	none	NA	none	5042471	5049073	2.844478597	993	8291	10977	187207	0.000348432
304	LPAR5	chr12	protein_coding	-	2630	6618835	6621464	6621465	6631584	6607434	6618834	10120	11401	NA	none	NA	none	6611629	6625147	2.834845396	940	8041	10120	11401	0.002281369
305	LMO3	chr12	protein_coding	-	2956	16548372	16551327	16551328	16560412	16514871	16548371	9085	33501	NA	none	16675602	phastConsE-16674932-16675602	16544593	16556416	5.590436044	280	4219	9085	33501	0.00135318
306	PDE3A	chr12	protein_coding	+	4078	20680030	20684107	20654206	20680029	20684108	20695354	25824	11247	NA	none	NA	none	20473899	20695210	3.623189508	867	7723	25824	11247	0.001471309
307	ABCD2	chr12	protein_coding	-	2912	39551220	39554131	39554132	39573715	39467363	39551219	19584	83857	NA	none	NA	none	39548205	39562463	1.561800313	2524	14078	19584	83857	0.000686813
308	CNTN1	chr12	protein_coding	+	2454	41069959	41072412	41029220	41069958	41072413	41188447	40739	116035	NA	none	NA	none	41066952	41074714	1.935355727	1698	11182	40739	116035	0.001222494
309	ARID2	chr12	protein_coding	+	3107	45904934	45908040	45893919	45904933	45908041	45919130	11015	11090	NA	none	NA	none	45871519	46026682	6.329181437	227	3786	11015	11090	0.000321854
310	CCDC184	chr12	protein_coding	+	2344	48183583	48185926	48172056	48183582	48185927	48202338	11527	16412	NA	none	NA	none	48172248	48189181	1.914338397	1688	11145	11527	16412	0.001279863
311	TESPA1	chr12	protein_coding	-	2088	54948303	54950390	54950391	54961167	54858394	54948302	10777	89909	NA	none	NA	none	54932829	54959869	2.001908762	1485	10361	10777	89909	0.000957854
312	FAM19A2	chr12	protein_coding	-	2170	61708248	61710417	61710418	61753621	61232953	61708247	43204	475295	NA	none	NA	none	61696135	61712939	2.769675696	862	7663	43204	475295	0.000460829
313	PPM1H	chr12	protein_coding	-	4655	62643982	62648636	62648637	62667177	62603770	62643981	18541	40212	NA	none	NA	none	62641090	62713473	1.529760386	3247	16400	18541	40212	0.000214823
314	SRGAP1	chr12	protein_coding	+	5569	64142295	64147863	64128201	64142294	64147864	64186311	14094	38448	NA	none	NA	none	64141691	64151981	1.905365561	2723	14780	14094	38448	0.000897827
315	HMGA2	chr12	protein_coding	+	3047	65963245	65966291	65952537	65963244	65966292	66023619	10708	57328	NA	none	NA	none	65962487	65973907	4.531564809	444	5379	10708	57328	0.000328192
316	LRRC10	chr12	protein_coding	-	2599	69608564	69611162	69611163	69643507	69601578	69608563	32345	6986	NA	none	NA	none	68346873	70281546	3.52108045	627	6457	32345	6986	0.00115429
317	BEST3	chr12	protein_coding	-	2205	69653609	69655813	69655814	69671427	69643788	69653608	15614	9821	NA	none	NA	none	68346873	70281546	3.057342	724	6971	15614	9821	0.002721088
318	KCNMB4	chr12	protein_coding	+	3808	70430485	70434292	70400337	70430484	70434293	70515870	30148	81578	NA	none	NA	none	70430583	70434243	0.746971972	6760	26421	30148	81578	0.000787815
319	ATXN7L3B	chr12	protein_coding	+	3682	74537771	74541452	74292632	74537770	74541453	74663567	245139	122115	NA	none	NA	none	74534312	74541831	1.100080197	4351	19663	245139	122115	0.001357958
320	LIN7A	chr12	protein_coding	-	5207	80792520	80797726	80797727	80811464	80770718	80792519	13738	21802	NA	none	NA	none	80792453	80803125	3.291346205	1230	9386	13738	21802	0.001152295
321	KITLG	chr12	protein_coding	-	4389	88492793	88497181	88497182	88505158	88199888	88492792	7977	292905	NA	none	NA	none	88484427	88499453	3.550316002	953	8139	7977	292905	0.000911369
322	ATP2B1	chr12	protein_coding	-	3247	89588049	89591295	89591296	89598589	89526263	89588048	7294	61786	NA	none	NA	none	89586017	89613893	3.186862201	895	7841	7294	61786	0.000615953
323	CHST11	chr12	protein_coding	+	5066	104756949	104762014	104601992	104756948	104762015	104803496	154957	41482	NA	none	NA	none	104756964	104762004	0.55269485	9992	35397	154957	41482	0.000789578
324	TMEM132C	chr12	protein_coding	+	2826	128705090	128707915	128697416	128705089	128707916	128793193	7674	85278	NA	none	NA	none	128705105	128707883	4.747994583	376	4917	7674	85278	0.003893805
325	GLT1D1	chr12	protein_coding	+	2036	128982929	128984964	128957644	128982928	128984965	129013283	25285	28319	NA	none	NA	none	128979898	128989145	0.82956482	5053	21686	25285	28319	0.002455796
326	ZNF891	chr12	protein_coding	-	2056	133119969	133122024	133122025	133130226	133107675	133119968	8202	12294	NA	none	NA	none	133119539	133124200	1.804461667	1744	11350	8202	12294	0.000972763
327	GJA3	chr13	protein_coding	-	5051	20138255	20143305	20143306	20160889	20103231	20138254	17584	35024	NA	none	NA	none	20052694	20274005	3.403906029	1141	9002	17584	35024	0.000792079
328	PABPC3	chr13	protein_coding	+	2430	25096138	25098567	24988957	25096137	25098568	25161678	107181	63111	NA	none	NA	none	25093792	25106104	0.936499819	4580	20326	107181	63111	0.002470152
329	SERTM1	chr13	protein_coding	+	2934	36694906	36697839	36674185	36694905	36697840	36794786	20721	96947	NA	none	NA	none	36676563	36702932	1.305733084	3221	16295	20721	96947	0.001022495
330	CSNK1A1L	chr13	protein_coding	-	2405	37103260	37105664	37105665	37481463	37059714	37103259	375799	43546	NA	none	NA	none	37094493	37114821	8.550109376	78	2174	375799	43546	0.002910603
331	COG6	chr13	protein_coding	+	3331	39788335	39791665	39752629	39788334	39791666	40181808	35706	390143	NA	none	40698692	phastConsE-40698692-40699291	39787801	39797477	1.354648161	3236	16347	35706	390143	0
332	KBTBD7	chr13	protein_coding	-	3185	41191391	41194575	41194576	41216379	41171230	41191390	21804	20161	NA	none	NA	none	41187628	41197455	1.147523655	3913	18383	21804	20161	0
333	EPSTI1	chr13	protein_coding	-	2115	42886388	42888502	42888503	42895008	42872745	42886387	6506	13643	NA	none	NA	none	42880974	42897783	5.072348391	241	3888	6506	13643	0
334	SIAH3	chr13	protein_coding	-	3788	45780270	45784057	45784058	45851494	45714560	45780269	67437	65710	NA	none	NA	none	45692196	45894879	3.801305483	750	7136	67437	65710	0
335	LRCH1	chr13	protein_coding	+	3260	46741642	46744901	46733999	46741641	46744902	46750539	7643	5638	NA	none	NA	none	46679389	46842773	2.648165589	1221	9299	7643	5638	0.000613497
336	LRCH1	chr13	protein_coding	+	2502	46750540	46753041	46744902	46750539	46753042	46771255	5638	18214	NA	none	NA	none	46679389	46842773	3.287701752	693	6810	5638	18214	0.00039968
337	CAB39L	chr13	protein_coding	-	2344	49308650	49310993	49310994	49331946	49293487	49308649	20953	15163	NA	none	NA	none	49304825	49318020	1.253501913	3126	15999	20953	15163	0.000426621
338	DLEU7	chr13	protein_coding	-	2215	50711026	50713240	50713241	50807854	50528644	50711025	94614	182382	NA	none	NA	none	50706638	50720638	0.552945806	8061	30097	94614	182382	0.001354402
339	FAM124A	chr13	protein_coding	+	3792	51280450	51284241	51253615	51280449	51284242	51341031	26835	56790	NA	none	NA	none	51260766	51320614	2.496447482	1481	10369	26835	56790	0.001582278
340	PCDH17	chr13	protein_coding	+	3457	57631655	57635111	57316418	57631654	57635112	57666467	315237	31356	NA	none	NA	none	57620511	57653995	0.683730792	7199	27643	315237	31356	0.001157073
341	PCDH17	chr13	protein_coding	+	4320	57724612	57728931	57666834	57724611	57728932	58165826	57778	436895	NA	none	NA	none	57721213	57732738	0.838909137	6242	24984	57778	436895	0.000462963
342	PCDH9	chr13	protein_coding	-	2195	66302834	66305028	66305029	66631209	66218325	66302833	326181	84509	NA	none	NA	none	66298595	66315167	1.33218466	2810	15003	326181	84509	0
343	DACH1	chr13	protein_coding	-	2727	71437966	71440692	71440693	71475140	71168418	71437965	34448	269548	72038487	phastConsE-72038487-72039241	NA	none	71436918	71441488	4.5455477	396	5056	34448	269548	0
344	RAP2A	chr13	protein_coding	+	3794	97464205	97467998	97434785	97464204	97467999	97475702	29420	7704	NA	none	NA	none	97372583	97487795	5.210384471	424	5262	29420	7704	0.000790722
345	FAM155A	chr13	protein_coding	-	2256	107168531	107170786	107170787	107210583	106864329	107168530	39797	304202	NA	none	NA	none	107167060	107173106	2.482684089	1074	8650	39797	304202	0.000886525
346	IRS2	chr13	protein_coding	-	4526	109782042	109786567	109786568	110053850	109756309	109782041	267283	25733	NA	none	NA	none	109780503	109786990	1.354318529	3714	17806	267283	25733	0
347	SOX1	chr13	protein_coding	+	4108	112067599	112071706	111972394	112067598	112071707	112095474	95205	23768	112631589	phastConsE-112631084-112631589	NA	none	112067601	112071638	1.231919219	3981	18589	95205	23768	0.001217137
348	MIPOL1	chr14	protein_coding	+	4355	37546905	37551259	37500139	37546904	37551260	37589551	46766	38292	NA	none	NA	none	37546504	37553153	1.190355334	4250	19376	46766	38292	0.000688863
349	CLEC14A	chr14	protein_coding	-	2371	38254000	38256370	38256371	38726963	38213064	38253999	470593	40936	NA	none	NA	none	38231029	38268049	6.353246394	162	3162	470593	40936	0.002108815
350	L2HGDH	chr14	protein_coding	-	4820	50242434	50247253	50247254	50265357	50231694	50242433	18104	10740	NA	none	NA	none	50230505	50260226	1.846332901	2610	14393	18104	10740	0.000622794
351	TMEM30B	chr14	protein_coding	-	4443	61277370	61281812	61281813	61321442	61083734	61277369	39630	193636	NA	none	NA	none	61272782	61284692	0.975696116	5361	22535	39630	193636	0.000900495
352	ADAM20	chr14	protein_coding	-	2573	70522361	70524933	70524934	70534796	70483757	70522360	9863	38604	NA	none	NA	none	70516021	70525208	9.402230479	67	2018	9863	38604	0
353	RGS6	chr14	protein_coding	+	4114	72562417	72566530	72553357	72562416	72566531	72619295	9060	52765	NA	none	NA	none	72557019	72570193	1.933446174	2245	13161	9060	52765	0.001215362
354	MAGEL2	chr15	protein_coding	-	4298	23643549	23647846	23647847	23685406	23568021	23643548	37560	75528	NA	none	NA	none	23640660	23662046	1.003029292	5134	21897	37560	75528	0
355	GABRB3	chr15	protein_coding	-	4589	26543546	26548134	26548135	26560931	26133038	26543545	12797	410508	NA	none	NA	none	26516499	26553458	6.947766578	299	4406	12797	410508	0.00087165
356	KLF13	chr15	protein_coding	+	5890	31372010	31377899	31327790	31372009	31377900	31420193	44220	42294	NA	none	NA	none	31372056	31377899	1.174879628	4930	21349	44220	42294	0
357	BMF	chr15	protein_coding	-	3999	40087890	40091888	40091889	40104179	40067510	40087889	12291	20380	NA	none	NA	none	40081496	40112102	2.956219878	1185	9164	12291	20380	0.00100025
358	WDR72	chr15	protein_coding	-	4014	53513741	53517754	53517755	53523217	52886543	53513740	5463	627198	NA	none	NA	none	53503548	53518837	4.023914875	716	6963	5463	627198	0
359	UNC13C	chr15	protein_coding	+	3239	54012648	54015886	53978928	54012647	54015887	54047983	33720	32097	NA	none	NA	none	54012017	54017425	1.048490669	4390	19775	33720	32097	0.000308737
360	RAB27A	chr15	protein_coding	-	2740	55202966	55205705	55205706	55223888	55197034	55202965	18183	5932	NA	none	NA	none	55200654	55207510	4.902971872	341	4668	18183	5932	0.001094891
361	C15orf59	chr15	protein_coding	-	5212	73735431	73740642	73740643	73750974	73714519	73735430	10332	20912	NA	none	NA	none	73713587	73759301	4.575507238	732	7079	10332	20912	0.00076746
362	RPP25	chr15	protein_coding	-	2333	74955102	74957434	74957435	74995534	74938155	74955101	38100	16947	NA	none	NA	none	74949700	74962981	4.763089783	308	4417	38100	16947	0.001285898
363	TSPAN3	chr15	protein_coding	-	2911	77044017	77046927	77046928	77052384	77037476	77044016	5457	6541	NA	none	NA	none	77038412	77047806	2.902493983	969	8181	5457	6541	0.000687049
364	LINGO1	chr15	protein_coding	-	2877	77613024	77615900	77615901	77632309	77534111	77613023	16409	78913	NA	none	NA	none	77609673	77617221	1.657813387	2309	13358	16409	78913	0.000347584
365	TMED3	chr15	protein_coding	+	2487	79411400	79413886	79384722	79411399	79413887	79456097	26678	42211	NA	none	NA	none	79409622	79415160	0.682036672	6617	26056	26678	42211	0.002010454
366	SAXO2	chr15	protein_coding	+	2809	82282119	82284927	82271803	82282118	82284928	82293282	10316	8355	NA	none	NA	none	82282129	82284920	1.773874316	2071	12536	10316	8355	0.000355999
367	CHSY1	chr15	protein_coding	-	3258	101175723	101178980	101178981	101235081	101072891	101175722	56101	102832	NA	none	NA	none	101175393	101180716	5.837918162	286	4267	56101	102832	0.00092081
368	FLYWCH1	chr16	protein_coding	+	2521	2948688	2951208	2940158	2948687	2951209	2964215	8530	13007	NA	none	NA	none	2946496	2954791	2.963094935	844	7578	8530	13007	0.002380008
369	ADCY9	chr16	protein_coding	-	4318	3962649	3966966	3966967	3977481	3950445	3962648	10515	12204	NA	none	NA	none	3955511	3967840	2.822278744	1346	9843	10515	12204	0.001853139
370	C16orf72	chr16	protein_coding	+	3031	9116668	9119698	9103260	9116667	9119699	9156341	13408	36643	NA	none	NA	none	9087715	9161322	1.665397296	2351	13503	13408	36643	0.000989772
371	SNX29	chr16	protein_coding	+	5784	12568506	12574289	12524842	12568505	12574290	12659798	43664	85509	NA	none	NA	none	12567302	12574841	2.073782485	2503	14068	43664	85509	0.003804254
372	CPPED1	chr16	protein_coding	-	5317	12659799	12665115	12665116	12704623	12574290	12659798	39508	85509	NA	none	NA	none	12659821	12665109	1.003556686	5589	23181	39508	85509	0.002445448
373	SHISA9	chr16	protein_coding	+	3172	12908479	12911650	12902628	12908478	12911651	12916687	5851	5037	NA	none	NA	none	12904113	12920117	3.531106929	735	7041	5851	5037	0.000945776
374	SHISA9	chr16	protein_coding	+	5387	13235030	13240416	13203550	13235029	13240417	13920156	31480	679740	NA	none	NA	none	13235038	13240411	1.616241548	3274	16501	31480	679740	0.000742666
375	ANKS4B	chr16	protein_coding	+	2699	21249731	21252429	21233902	21249730	21252430	21258517	15829	6088	NA	none	NA	none	21247862	21252612	5.903535739	224	3751	15829	6088	0.002964061
376	HS3ST4	chr16	protein_coding	+	2077	26135612	26137688	26032932	26135611	26137689	27066897	102680	929209	NA	none	26822790	phastConsE-26822790-26824059	26132825	26140283	1.434468046	2480	13927	102680	929209	0.002407318
377	C16orf82	chr16	protein_coding	+	2269	27066898	27069166	26137689	27066897	27069167	27203485	929209	134319	26824059	phastConsE-26822790-26824059	NA	none	27063474	27072259	0.919803254	4591	20361	929209	134319	0.001762891
378	GSG1L	chr16	protein_coding	-	3939	27787529	27791467	27791468	27807486	27780372	27787528	16019	7157	NA	none	NA	none	27787658	27791410	2.60060152	1428	10164	16019	7157	0.000761615
379	FTO	chr16	protein_coding	+	2706	54111762	54114467	54040374	54111761	54114468	54245543	71388	131076	54101828	phastConsE-54101139-54101828	NA	none	54109693	54117978	2.26726199	1393	10001	71388	131076	0.002217295
380	LOC729159	chr16	protein_coding	-	2115	60357679	60359793	60359794	60654070	60053974	60357678	294277	303705	NA	none	NA	none	60351716	60361987	0.6164534	7121	27476	294277	303705	0
381	CYB5B	chr16	protein_coding	+	3835	69462430	69466264	69447279	69462429	69466265	69565807	15151	99543	NA	none	NA	none	68706750	70641423	1.759820891	2454	13859	15151	99543	0.001043025
382	CRK	chr17	protein_coding	-	2298	1421353	1423650	1423651	1436619	1400263	1421352	12969	21090	NA	none	NA	none	1410721	1453256	2.894307856	826	7487	12969	21090	0
383	RTN4RL1	chr17	protein_coding	-	3132	1934677	1937808	1937809	2017715	1899555	1934676	79907	35122	NA	none	NA	none	1934714	1937742	3.176388696	876	7745	79907	35122	0.001596934
384	UBE2G1	chr17	protein_coding	-	3300	4269217	4272516	4272517	4282797	4263996	4269216	10281	5221	NA	none	NA	none	4263838	4273878	2.867374125	1082	8699	10281	5221	0.000606061
385	GLP2R	chr17	protein_coding	+	2734	9889370	9892103	9880517	9889369	9892104	9897709	8853	5606	NA	none	NA	none	9887161	9894806	8.123446855	107	2565	8853	5606	0.000731797
386	MAP2K4	chr17	protein_coding	+	2685	12141147	12143831	12129288	12141146	12143832	12549967	11859	406136	NA	none	12139479	phastConsE-12139479-12140186	12132784	12149879	7.753095418	118	2686	11859	406136	0
387	HS3ST3A1	chr17	protein_coding	-	2787	13494032	13496818	13496819	13543528	13018065	13494031	46710	475967	NA	none	NA	none	13480741	13579107	0.997089851	4429	19888	46710	475967	0.000717618
388	ARHGAP23	chr17	protein_coding	+	2449	38509944	38512392	38498511	38509943	38512393	38530023	11433	17631	NA	none	NA	none	38506704	38513196	2.724817954	961	8135	11433	17631	0.00122499
389	SRCIN1	chr17	protein_coding	-	3408	38530024	38533431	38533432	38543822	38512393	38530023	10391	17631	NA	none	NA	none	38524926	38535770	2.092340528	1802	11583	10391	17631	0.000880282
390	EPOP	chr17	protein_coding	-	3232	38671703	38674934	38674935	38702261	38605931	38671702	27327	65772	NA	none	NA	none	38648029	38678829	0.896703421	5258	22246	27327	65772	0
391	KIF2B	chr17	protein_coding	+	2335	53822878	53825212	53757902	53822877	53825213	53952721	64976	127509	NA	none	NA	none	53817389	53830408	1.999999818	1572	10702	64976	127509	0.001713062
392	YPEL2	chr17	protein_coding	+	4634	59397101	59401734	59389469	59397100	59401735	59430868	7632	29134	NA	none	NA	none	59395507	59405271	3.004599719	1290	9621	7632	29134	0.001510574
393	PPM1D	chr17	protein_coding	+	3286	60662995	60666280	60656842	60662994	60666281	60677774	6153	11494	NA	none	NA	none	60659037	60668269	3.022489622	988	8276	6153	11494	0.000608643
394	CDC42EP4	chr17	protein_coding	-	2989	73283624	73286612	73286613	73311892	73261881	73283623	25280	21743	NA	none	NA	none	73273632	73287650	3.970976842	563	6099	25280	21743	0.00234192
395	SDK2	chr17	protein_coding	-	4557	73334384	73338940	73338941	73348598	73312005	73334383	9658	22379	NA	none	NA	none	73331759	73340653	2.173599787	2032	12434	9658	22379	0.001536098
396	BIRC5	chr17	protein_coding	+	2171	78223465	78225635	78216782	78223464	78225636	78231431	6683	5796	NA	none	NA	none	78221088	78230433	2.436949091	1085	8697	6683	5796	0.001842469
397	FOXK2	chr17	protein_coding	+	3305	82601303	82604607	82587273	82601302	82604608	82614561	14030	9954	NA	none	NA	none	82600428	82605509	1.667221597	2448	13832	14030	9954	0.001210287
398	YES1	chr18	protein_coding	-	3041	721592	724632	724633	732833	712665	721591	8201	8927	NA	none	NA	none	718021	730271	1.879167341	1981	12224	8201	8927	0.001973035
399	RAB31	chr18	protein_coding	+	3329	9859228	9862556	9845692	9859227	9862557	9880577	13536	18021	NA	none	NA	none	9858025	9862818	1.775895217	2251	13168	13536	18021	0.001201562
400	MC2R	chr18	protein_coding	-	3603	13882044	13885646	13885647	13915629	13826863	13882043	29983	55181	NA	none	NA	none	13882155	13885614	6.247921885	279	4221	29983	55181	0.001387732
401	TMEM241	chr18	protein_coding	-	2055	23296013	23298067	23298068	23309679	23260471	23296012	11612	35542	NA	none	NA	none	23291872	23309227	7.325177715	94	2382	11612	35542	0.000973236
402	ANKRD29	chr18	protein_coding	-	2384	23598926	23601309	23601310	23612091	23586618	23598925	10782	12308	NA	none	NA	none	23588429	23614077	1.457396496	2555	14176	10782	12308	0.002516779
403	SETBP1	chr18	protein_coding	+	3460	44949881	44953340	44877415	44949880	44953341	44970081	72466	16741	NA	none	NA	none	44947368	44961166	1.229352546	3714	17794	72466	16741	0.001156069
404	SMAD7	chr18	protein_coding	-	2058	48919853	48921910	48921911	48942480	48863218	48919852	20570	56635	NA	none	NA	none	48826389	48942644	3.179023351	640	6515	20570	56635	0.000485909
405	WDR7	chr18	protein_coding	+	2802	57027004	57029805	57020850	57027003	57029806	57054570	6154	24765	NA	none	NA	none	57022005	57034580	3.446917035	694	6819	6154	24765	0.000357015
406	BOD1L2	chr18	protein_coding	+	3347	57147062	57150408	57072120	57147061	57150409	57284602	74942	134194	NA	none	NA	none	57143739	57152334	2.091150791	1785	11519	74942	134194	0.000896325
407	ALPK2	chr18	protein_coding	-	3391	58534834	58538224	58538225	58578813	58529239	58534833	40589	5595	NA	none	NA	none	58534551	58540084	3.703183605	714	6939	40589	5595	0.000589797
408	ZNF532	chr18	protein_coding	+	2363	58918271	58920633	58865580	58918270	58920634	58934432	52691	13799	NA	none	NA	none	58912116	58924895	1.779142183	1898	11919	52691	13799	0
409	TNFRSF11A	chr18	protein_coding	+	2960	62384751	62387710	62369485	62384750	62387711	62415643	15266	27933	NA	none	NA	none	62380158	62391429	1.82224308	2044	12443	15266	27933	0.001013514
410	BCL2	chr18	protein_coding	-	5414	63123346	63128759	63128760	63317953	62980444	63123345	189194	142902	NA	none	NA	none	63121820	63131888	2.872853921	1545	10662	189194	142902	0.001847063
411	ZNF407	chr18	protein_coding	+	2523	75063150	75065672	74921059	75063149	75065673	75195107	142091	129435	72737447	phastConsE-72736914-72737447	NA	none	75053160	75094998	0.902849315	4836	21059	142091	129435	0.000792707
412	TSHZ1	chr18	protein_coding	+	4503	75285448	75289950	75211917	75285447	75289951	75409475	73531	119525	72927032	phastConsE-72926511-72927032	73074925	phastConsE-73074925-73075487	75277435	75295988	1.019969128	5133	21895	73531	119525	0.001554519
413	GNG7	chr19	protein_coding	-	3928	2511220	2515147	2515148	2520607	2478260	2511219	5460	32960	NA	none	NA	none	2502488	2616204	3.591809287	852	7649	5460	32960	0.001273237
414	FEM1A	chr19	protein_coding	+	3844	4791716	4795559	4772557	4791715	4795560	4815923	19159	20364	NA	none	NA	none	4788884	4796805	5.26551039	421	5246	19159	20364	0.002862347
415	OR7A5	chr19	protein_coding	-	2138	14826327	14828464	14828465	14840947	14800137	14826326	12483	26190	NA	none	NA	none	14819684	14843130	4.722831526	287	4258	12483	26190	0.001403181
416	ZNF506	chr19	protein_coding	-	2950	19792711	19795660	19795661	19806030	19776414	19792710	10370	16297	NA	none	NA	none	19678337	20084067	1.90151468	1917	11990	10370	16297	0.001694915
417	ZNF253	chr19	protein_coding	+	2011	19891474	19893484	19880147	19891473	19893485	19900912	11327	7428	NA	none	NA	none	19678337	20084067	2.158917603	1284	9547	11327	7428	0.000997506
418	ZNF93	chr19	protein_coding	+	2392	19933182	19935573	19916656	19933181	19935574	20004417	16526	68844	NA	none	NA	none	19678337	20084067	1.192312055	3364	16734	16526	68844	0
419	ZNF682	chr19	protein_coding	-	2858	20004418	20007275	20007276	20023003	19935574	20004417	15728	68844	NA	none	NA	none	19678337	20084067	3.121956301	842	7576	15728	68844	0
420	ZNF429	chr19	protein_coding	+	4389	21536280	21540668	21530685	21536279	21540669	21655153	5595	114485	NA	none	NA	none	21529220	21615010	4.022783855	776	7280	5595	114485	0.000227842
421	ZNF100	chr19	protein_coding	-	3949	21724041	21727989	21727990	21744016	21658609	21724040	16027	65432	NA	none	NA	none	21559740	21768613	6.469511184	289	4311	16027	65432	0.000759686
422	ZNF43	chr19	protein_coding	-	4859	21804949	21809807	21809808	21817887	21767629	21804948	8080	37320	NA	none	NA	none	21800705	21813097	3.413276713	1102	8824	8080	37320	0.000411692
423	ZNF676	chr19	protein_coding	-	2486	22179101	22181586	22181587	22193015	22140099	22179100	11429	39002	NA	none	NA	none	22172360	22185540	1.612735416	2248	13148	11429	39002	0.001206758
424	ZNF729	chr19	protein_coding	+	3506	22313671	22317176	22304784	22313670	22317177	22368529	8887	51353	NA	none	NA	none	22253009	22442834	2.096399789	1827	11675	8887	51353	0.001141227
425	ZNF728	chr19	protein_coding	-	2228	22974883	22977110	22977111	22987307	22858485	22974882	10197	116398	NA	none	23146357	phastConsE-23145852-23146357	22964857	22979399	1.713930479	1957	12130	10197	116398	0
426	ZNF254	chr19	protein_coding	+	3715	24126254	24129968	24107353	24126253	24129969	24162192	18901	32224	NA	none	NA	none	24069562	24153165	6.117595882	302	4401	18901	32224	0
427	ZNF536	chr19	protein_coding	+	2172	30443561	30445732	30372557	30443560	30445733	30534846	71004	89114	30893364	phastConsE-30892686-30893364	30983039	phastConsE-30983039-30983715	30440291	30451718	1.360246183	2719	14710	71004	89114	0.00092081
428	TSHZ3	chr19	protein_coding	-	4808	31274945	31279752	31279753	31308344	31228141	31274944	28592	46804	31795501	phastConsE-31795501-31796039	NA	none	31272919	31280276	0.931720095	5810	23789	28592	46804	0.000831947
429	ZNF599	chr19	protein_coding	-	2486	34758074	34760559	34760560	34767315	34742870	34758073	6756	15204	NA	none	NA	none	34747849	34773718	2.771242383	942	8047	6756	15204	0.001206758
430	FFAR2	chr19	protein_coding	+	2053	35449715	35451767	35416841	35449714	35451768	35487323	32874	35556	NA	none	NA	none	35446735	35453637	2.871421703	777	7241	32874	35556	0.00243546
431	ZNF146	chr19	protein_coding	+	3116	36235659	36238774	36228820	36235658	36238775	36311342	6839	72568	NA	none	NA	none	36232856	36242703	3.619629737	692	6819	6839	72568	0.001283697
432	ZNF566	chr19	protein_coding	-	4883	36445119	36450001	36450002	36472910	36422898	36445118	22909	22221	NA	none	NA	none	36445128	36449998	1.042989358	5175	22019	22909	22221	0.001228753
433	ZNF345	chr19	protein_coding	+	2791	36876785	36879575	36863012	36876784	36879576	36888123	13773	8548	NA	none	NA	none	36876790	36879548	2.295763809	1391	9992	13773	8548	0.001791473
434	ZNF781	chr19	protein_coding	-	2808	37667749	37670556	37670557	37686450	37656262	37667748	15894	11487	NA	none	NA	none	37662009	37704632	1.690969394	2219	13050	15894	11487	0.000356125
435	ZNF233	chr19	protein_coding	+	2419	44272899	44275317	44266962	44272898	44275318	44286347	5937	11030	NA	none	NA	none	43861337	44283160	2.304557021	1271	9498	5937	11030	0.001653576
436	ZNF235	chr19	protein_coding	-	2849	44286348	44289196	44289197	44297095	44275318	44286347	7899	11030	NA	none	NA	none	44284552	44290494	4.111618129	504	5748	7899	11030	0.000351124
437	ZNF112	chr19	protein_coding	-	3384	44326553	44329936	44329937	44336622	44305026	44326552	6686	21527	NA	none	NA	none	44322824	44338836	4.907794427	422	5243	6686	21527	0.001477541
438	CCDC8	chr19	protein_coding	-	3334	46410329	46413662	46413663	46466490	46390976	46410328	52828	19353	NA	none	NA	none	46405909	46421830	2.893767139	1073	8663	52828	19353	0.00120012
439	ARHGAP35	chr19	protein_coding	+	3681	46918676	46922356	46850996	46918675	46922357	46937263	67680	14907	NA	none	NA	none	46913645	46923700	2.478741491	1468	10316	67680	14907	0.000543331
440	FPR3	chr19	protein_coding	+	2452	51823739	51826190	51795332	51823738	51826191	51855802	28407	29612	NA	none	NA	none	51822772	51827765	1.161321902	3511	17181	28407	29612	0.000408163
441	ZNF841	chr19	protein_coding	-	3145	52064466	52067610	52067611	52076043	52049125	52064465	8433	15341	NA	none	NA	none	52060407	52068505	4.132719518	547	6007	8433	15341	0.000953895
442	ZNF888	chr19	protein_coding	-	2287	52905893	52908179	52908180	52915195	52891347	52905892	7016	14546	NA	none	NA	none	52900921	52910047	4.322270517	372	4881	7016	14546	0
443	ZNF667	chr19	protein_coding	-	3418	56439324	56442741	56442742	56449556	56425032	56439323	6815	14292	NA	none	NA	none	56437745	56442932	4.097490193	599	6316	6815	14292	0.001462844
444	ZNF71	chr19	protein_coding	+	2915	56621268	56624182	56601592	56621267	56624183	56643158	19676	18976	NA	none	NA	none	56619167	56644370	4.385815128	454	5438	19676	18976	0.000686106
445	ZCCHC3	chr20	protein_coding	+	2759	297563	300321	290779	297562	300322	319686	6784	19365	NA	none	NA	none	295559	307373	2.49247036	1209	9240	6784	19365	0
446	STK35	chr20	protein_coding	+	4772	2143784	2148555	2117416	2143783	2148556	2206927	26368	58372	NA	none	NA	none	2138435	2161299	1.627642042	3046	15779	26368	58372	0.000628667
447	BMP2	chr20	protein_coding	+	2036	6778245	6780280	6770473	6778244	6780281	7146466	7772	366186	NA	none	NA	none	6774508	6781460	2.661966903	891	7800	7772	366186	0
448	PLCB1	chr20	protein_coding	+	3279	8881622	8884900	8831394	8881621	8884901	9069053	50228	184153	NA	none	NA	none	8868209	8898843	6.72196076	213	3663	50228	184153	0.000609942
449	RALGAPA2	chr20	protein_coding	-	3626	20389628	20393253	20393254	20412026	20370950	20389627	18773	18678	NA	none	NA	none	20212307	20452113	1.991251567	2006	12321	18773	18678	0.002482074
450	THBD	chr20	protein_coding	-	4032	23045633	23049664	23049665	23079355	23036678	23045632	29691	8955	NA	none	NA	none	23044033	23052026	2.432151057	1603	10848	29691	8955	0
451	TGIF2	chr20	protein_coding	+	3043	36590910	36593952	36578967	36590909	36593953	36605733	11943	11781	NA	none	NA	none	36587121	36599471	1.74825338	2200	12987	11943	11781	0.000985869
452	RPRD1B	chr20	protein_coding	+	2639	38089726	38092364	38066257	38089725	38092365	38127386	23469	35022	NA	none	NA	none	38088880	38094351	1.265732133	3220	16293	23469	35022	0.000378931
453	MAFB	chr20	protein_coding	-	3393	40685848	40689240	40689241	40980760	40008530	40685847	291520	677318	NA	none	NA	none	40684500	40690808	0.756221186	6438	25537	291520	677318	0.000589449
454	ZHX3	chr20	protein_coding	-	3010	41202057	41205066	41205067	41268989	41185202	41202056	63923	16855	NA	none	NA	none	41199058	41212451	2.291449045	1459	10270	63923	16855	0.001993355
455	PARD6B	chr20	protein_coding	+	4083	50749659	50753741	50738080	50749658	50753742	50794893	11579	41152	NA	none	NA	none	50746472	50773771	2.373358525	1675	11123	11579	41152	0.000244918
456	NFATC2	chr20	protein_coding	-	4495	51386957	51391451	51391452	51398642	51131744	51386956	7191	255213	NA	none	NA	none	51383850	51392065	4.476644819	661	6683	7191	255213	0.000222469
457	OLIG1	chr21	protein_coding	+	2279	33070144	33072422	33065080	33070143	33072423	33111703	5064	39281	NA	none	NA	none	33064064	33077128	2.768454111	891	7802	5064	39281	0.001316367
458	MN1	chr22	protein_coding	-	2820	27748277	27751096	27751097	27796762	27317841	27748276	45666	430436	NA	none	NA	none	27745429	27752431	1.799319731	2032	12399	45666	430436	0.00141844
459	MN1	chr22	protein_coding	-	4736	27796763	27801498	27801499	27851668	27751097	27796762	50170	45666	NA	none	NA	none	27792215	27811333	1.446557756	3506	17189	50170	45666	0
460	TCF20	chr22	protein_coding	-	5691	42209651	42215341	42215342	42269752	42179703	42209650	54411	29948	NA	none	NA	none	42207770	42228656	5.017411583	682	6832	54411	29948	0.000527148
461	CELSR1	chr22	protein_coding	-	3544	46533627	46537170	46537171	46620401	46481762	46533626	83231	51865	NA	none	NA	none	46532839	46537509	0.567302848	8761	31991	83231	51865	0.001975169
462	TBC1D22A	chr22	protein_coding	+	2202	47173498	47175699	47111604	47173497	47175700	47345570	61894	169871	NA	none	NA	none	47169490	47192657	2.041531961	1476	10327	61894	169871	0.004995459
